10
106
155
168
192
215
223
274
311
321
357
367
381
393
400
406
416
455
514
517
542
548
556
655
692
734
815
832
957
968
978
1009
1139
1231
1239
1326
1382
1483
1516
1600
1736
1795
2000
2009
2041
2044
2056
2061
2080
2086
2090
2099
2105
2106
2119
2123
2124
2145
2229
2237
2303
2316
2390
2434
2476
2495
2504
2521
2525
2527
2539
2630
2814
2921
2939
2953
3050
3102
3115
3139
3141
3238
3394
3395
3404
3440
3521
3596
3688
3691
3693
3724
3753
3772
3773
3887
3952
4180
4231
4242
4254
4256
4386
4387
4389
4421
4524
4570
4594
4601
4674
4706
4763
4764
4822
4859
4871
5046
5083
5124
5194
5234
5236
5302
5358
5359
5377
5387
5431
5436
5452
5471
5473
5474
5475
5516
5529
5651
5652
5701
5704
5722
5800
5809
5826
5835
5880
5884
5918
5998
6017
6209
6222
6295
6357
6359
6360
6553
6555
6556
6674
6675
6683
6684
6710
6716
7011
7016
7066
7095
7117
7136
7152
7205
7302
7307
7352
7403
7518
7543
7567
7652
7685
7724
7727
7736
7740
7748
7806
7807
7808
7828
7876
7904
7916
7918
8001
8029
8079
8116
8117
8128
8143
8162
8167
8223
8234
8267
8304
8334
8336
8337
8412
8414
8418
8476
8477
8499
8552
8573
8638
8656
8722
8859
8929
8958
9256
9268
9334
9335
9389
9476
9488
9489
9490
9512
9584
9585
9738
9742
9757
9762
9810
9819
9866
9867
9988
9994
10006
10007
10096
10135
10139
10212
10261
10424
10428
10442
10490
10642
10643
10644
10650
10657
10743
10771
10776
10857
10934
10940
10943
10961
10962
11012
11013
11014
11020
11059
11082
11105
11202
11359
11496
11617
11618
11619
11656
11725
11745
11761
11772
11787
11793
11839
11896
11983
12025
12026
12132
12137
12235
12257
12289
12310
12357
12368
12431
12540
12570
12583
12606
12619
12627
12634
12645
12707
12761
12772
12789
12832
12911
12920
12922
12924
12936
12973
13046
