124
354
414
497
1094
1104
1218
1430
1514
1522
1552
1629
1792
1816
1927
2012
2026
2064
2175
2234
2310
2382
2415
2470
2968
3107
3439
3562
3916
4225
4308
4360
4463
4919
5164
5313
5347
5369
5378
5412
5435
5467
5625
5632
5753
5904
6252
6259
6441
6443
6451
6758
6920
7070
7150
7270
7389
7392
7511
7625
7926
7930
7939
8091
8398
8550
8580
8850
9058
9060
9082
9435
9663
9820
9904
10048
10742
11023
11060
11062
11184
11372
11442
11574
11605
11658
11716
11780
11781
11954
11959
12040
12189
12211
12349
12496
12679
12982
