54
63
71
82
83
87
145
150
236
269
348
349
363
364
376
377
379
380
382
383
384
385
386
402
403
404
415
417
418
421
447
451
453
457
460
462
464
465
466
467
468
469
470
472
473
474
476
477
478
480
483
484
485
486
487
488
489
490
491
492
513
519
520
521
522
523
524
525
526
528
529
530
531
533
534
535
536
537
538
539
541
543
544
546
548
549
550
554
555
556
558
559
560
571
572
612
618
622
626
627
628
630
631
632
633
634
635
636
637
639
640
642
643
644
645
646
648
649
650
652
653
654
655
656
657
660
661
662
663
665
667
668
670
672
678
685
700
716
719
749
752
813
823
824
829
831
871
975
1033
1058
1108
1115
1118
1194
1196
1197
1237
1247
1279
1282
1283
1290
1291
1333
1335
1336
1338
1339
1362
1384
1388
1400
1420
1421
1422
1431
1432
1439
1468
1473
1587
1588
1589
1590
1591
1595
1596
1597
1604
1605
1606
1607
1608
1609
1610
1611
1612
1613
1614
1615
1618
1648
1649
1672
1674
1675
1676
1679
1680
1682
1691
1693
1694
1697
1698
1702
1706
1707
1708
1709
1710
1711
1712
1713
1714
1716
1718
1719
1720
1735
1737
1738
1739
1765
1766
1767
1768
1769
1770
1772
1775
1776
1777
1778
1779
1780
1781
1782
1784
1786
1787
1788
1790
1791
1792
1794
1795
1797
1827
1831
1851
1857
1858
1863
1880
1883
1884
1885
1887
1889
1890
1892
1893
1899
1919
1920
1921
1924
1927
1929
1942
1944
1969
1970
1971
1972
1973
1974
1976
1979
1984
1985
1987
1990
1991
1995
1998
1999
2000
2001
2017
2020
2021
2022
2025
2030
2031
2032
2033
2048
2050
2055
2056
2057
2058
2060
2065
2068
2069
2074
2095
2110
2130
2134
2142
2143
2145
2146
2147
2148
2149
2154
2156
2158
2159
2161
2162
2164
2168
2169
2193
2194
2195
2196
2197
2198
2199
2200
2201
2202
2203
2205
2206
2207
2210
2211
2212
2222
2232
2247
2249
2251
2253
2257
2260
2261
2280
2331
2332
2333
2334
2335
2336
2337
2339
2340
2341
2346
2347
2348
2349
2352
2357
2359
2375
2376
2380
2383
2384
2385
2387
2390
2396
2534
2535
2537
2538
2539
2540
2541
2542
2545
2546
2549
2561
2581
2588
2591
2592
2593
2594
2595
2596
2597
2598
2599
2604
2606
2607
2609
2610
2611
2612
2613
2614
2632
2633
2634
2635
2637
2639
2641
2644
2645
2647
2650
2652
2653
2655
2656
2657
2681
2688
2690
2692
2702
2704
2708
2714
2735
2736
2738
2745
2754
2755
2756
2776
2784
2800
2801
2802
2808
2810
2823
2824
2825
2838
2852
2942
2951
2971
2980
3000
3019
3092
3095
3147
3177
3178
3184
3283
3299
3377
3413
3457
3471
3513
3515
3521
3538
3539
3547
3636
3657
3726
3792
3809
3917
3923
3937
3991
4031
4043
4145
4170
4266
4303
4342
4423
4426
4429
4431
4452
4458
4525
4539
4543
4668
4756
4773
4774
4815
4985
5107
5128
5141
5189
5358
5376
5380
5381
5382
5385
5386
5387
5388
5389
5399
5401
5402
5403
5404
5494
5501
5506
5561
5602
5604
5606
5607
5609
5610
5614
5643
5646
5647
5652
5672
5708
5777
5778
5779
5895
5961
5962
5966
5981
6046
6099
6106
6114
6151
6183
6215
6310
6320
6350
6366
6367
6368
6369
6370
6371
6410
6411
6437
6515
6518
6569
6570
6572
6573
6574
6575
6576
6613
6729
6792
6796
6797
6803
6844
6859
6861
6863
6866
6867
6868
6869
6874
6876
6897
6912
6929
6930
6936
6981
6991
7031
7034
7049
7050
7052
7110
7111
7122
7151
7152
7160
7163
7176
7202
7210
7215
7221
7227
7236
7258
7308
7313
7331
7391
7465
7466
7498
7542
7591
7638
7830
7941
7959
7962
7968
8065
8070
8145
8165
8173
8188
8194
8214
8249
8304
8332
8361
8368
8369
8452
8551
8588
8616
8634
8640
8643
8645
8755
8757
8758
8760
8761
8762
8763
8764
8766
8768
8769
8807
8808
8809
8810
8811
8812
8813
8814
8815
8816
8819
8820
8821
8825
8827
8828
8829
8833
8834
8836
8837
8838
8839
8840
8841
8842
8843
8844
8845
8846
8847
8857
8998
9011
9022
9095
9132
9133
9143
9160
9170
9282
9291
9313
9336
9474
9729
9828
9870
9873
9887
9894
9925
9932
9935
9944
9969
10029
10069
10161
10251
10311
10332
10365
10466
10479
10542
10688
10689
10707
10713
10757
10815
10816
10819
10903
11000
11013
11122
11258
11261
11262
11263
11264
11266
11299
11301
11302
11304
11305
11306
11307
11308
11309
11310
11312
11317
11322
11323
11365
11463
11532
11535
11714
11720
11723
11726
11732
11737
11829
11856
11870
11966
12019
12069
12101
12102
12112
12205
12255
12278
12330
12334
12367
12423
12459
12465
12467
12523
12536
12558
12609
12611
12641
12644
12645
12647
12648
12650
12654
12655
12657
12658
12661
12668
12671
12672
12681
12686
12687
12688
12713
12723
12928
12930
12938
12957
13147
13203
13222
13282
13301
13367
13409
13410
13411
13415
13421
13555
13574
13643
13649
13654
13658
13688
13761
13766
13775
13776
13778
13779
13816
13819
13825
13832
13837
13902
13903
13904
13937
13939
14005
14010
14030
14031
14040
14060
14114
14119
14138
14153
14171
14179
14206
14215
14327
14372
14382
14390
14412
14505
14513
14518
14565
14568
14570
14597
14660
14661
14717
14728
14732
14745
14750
14753
14762
14773
14829
14864
14883
14986
15010
15070
15127
15142
15176
15189
15258
15280
15290
15308
15322
15445
15446
15460
15467
15484
15489
15497
15498
15524
15558
15589
15592
15638
15643
15663
15727
15839
15866
15869
15983
15995
16058
16059
16181
16182
16185
16222
16255
16316
16320
16322
16335
16336
16341
16385
16409
16531
16535
16538
16545
16576
16578
16580
16582
16583
16654
16664
16697
16717
16723
16728
16734
16737
16739
16740
16741
16743
16744
16746
16747
16748
16751
16753
16754
16755
16756
16758
16760
16761
16763
16765
16767
16769
16771
16772
16773
16774
16775
16780
16781
16782
16783
16784
16785
16787
16788
16789
16791
16792
16793
16794
16795
16796
16797
16800
16847
16905
16928
16930
17035
17058
17061
17110
17136
17153
17167
17213
17226
17263
17264
17319
17397
17400
17401
17407
17447
17456
17479
17506
17528
17536
17538
17539
17540
17543
17545
17546
17547
17551
17552
17555
17577
17584
17588
17591
17594
17600
17619
17622
17626
17628
17633
17744
17781
17784
17785
17786
17787
17934
17939
18027
18132
18184
18269
18270
18327
18374
18420
18527
18533
18704
18744
18800
18843
18852
18897
18905
18953
18974
19236
19237
19275
19325
19386
19440
19441
19457
19568
19630
19688
19713
19714
19901
20175
20191
20217
20218
20229
20233
20234
20237
20240
20244
20267
20269
20275
20279
20321
20355
20388
20423
20432
20433
20434
20435
20436
20438
20439
20482
20562
20593
20634
20635
20636
20637
20641
20668
20675
20676
20814
20924
20948
21132
21156
21163
21167
21234
21330
21369
21372
21378
21486
21488
21492
21493
21494
21495
21499
21503
21564
21565
21567
21573
21607
21616
21637
21664
21793
22181
22252
22377
22381
22407
22476
22499
22518
22712
22721
