0
2
5
6
17
18
21
24
25
28
34
37
39
40
42
43
45
47
48
49
50
52
53
57
59
60
61
63
64
66
69
70
74
76
82
83
84
85
91
92
95
96
97
99
101
102
104
105
107
108
109
111
112
113
114
117
123
127
132
134
135
137
142
146
148
149
150
151
154
156
162
163
165
166
167
169
171
172
176
179
182
183
185
187
188
190
191
193
194
195
196
197
200
201
202
204
206
208
211
212
213
218
221
224
225
228
230
233
234
236
241
243
244
247
249
250
251
259
260
289
300
301
302
305
310
317
318
325
331
332
334
348
351
352
356
358
371
399
407
410
422
441
452
454
459
474
485
491
492
498
516
520
534
545
557
561
567
574
575
576
581
582
585
587
590
592
594
597
598
600
614
616
617
618
619
621
625
631
632
636
638
641
643
644
646
647
653
657
658
659
661
662
663
666
667
669
670
672
673
674
678
680
686
687
689
691
695
697
699
700
703
705
707
713
714
716
720
726
733
736
738
739
740
741
742
743
744
745
750
752
754
756
758
759
760
761
762
765
768
769
776
778
781
782
786
787
795
798
805
807
809
813
823
824
826
827
830
831
835
836
837
839
847
848
852
857
859
861
864
866
871
872
873
874
876
877
882
883
887
888
893
894
896
899
902
912
913
915
920
921
926
929
932
934
935
937
939
944
946
949
952
958
964
967
969
970
971
973
974
977
983
986
988
990
991
993
995
996
997
998
1000
1008
1010
1012
1014
1015
1019
1026
1028
1032
1033
1034
1036
1038
1039
1045
1046
1047
1054
1059
1061
1062
1066
1067
1074
1077
1093
1097
1098
1103
1105
1108
1110
1111
1114
1116
1117
1120
1121
1122
1123
1124
1128
1129
1136
1140
1141
1142
1149
1150
1155
1160
1161
1162
1167
1174
1177
1178
1180
1182
1183
1185
1190
1191
1193
1194
1195
1197
1201
1202
1206
1211
1214
1215
1217
1223
1225
1226
1227
1232
1235
1237
1238
1240
1241
1245
1247
1248
1249
1250
1251
1254
1256
1261
1262
1265
1274
1275
1278
1279
1285
1289
1291
1294
1297
1298
1299
1302
1303
1305
1311
1315
1317
1319
1321
1322
1323
1324
1328
1331
1334
1338
1341
1342
1344
1347
1352
1354
1355
1356
1358
1361
1365
1367
1376
1380
1385
1391
1394
1395
1397
1404
1406
1407
1412
1413
1415
1418
1419
1421
1425
1427
1429
1438
1439
1441
1443
1447
1450
1453
1454
1459
1461
1462
1464
1471
1474
1475
1477
1478
1479
1484
1486
1487
1488
1490
1491
1493
1497
1499
1500
1501
1502
1504
1508
1511
1512
1519
1521
1526
1531
1532
1533
1541
1545
1547
1548
1557
1558
1559
1563
1565
1567
1569
1572
1574
1579
1580
1581
1582
1583
1585
1586
1591
1593
1594
1596
1597
1598
1604
1607
1610
1611
1617
1619
1621
1622
1623
1626
1628
1630
1631
1637
1638
1642
1643
1645
1646
1647
1649
1651
1657
1658
1659
1660
1661
1662
1663
1665
1671
1673
1674
1678
1679
1685
1686
1687
1689
1691
1692
1694
1696
1697
1699
1700
1703
1704
1706
1707
1710
1712
1715
1716
1721
1723
1724
1726
1729
1735
1742
1744
1748
1749
1752
1755
1758
1761
1762
1764
1766
1767
1768
1769
1771
1777
1778
1779
1782
1784
1786
1788
1791
1793
1797
1798
1799
1803
1804
1805
1806
1810
1812
1814
1815
1819
1821
1823
1825
1826
1827
1831
1833
1839
1840
1843
1844
1845
1846
1855
1857
1860
1863
1867
1869
1872
1876
1878
1879
1880
1882
1884
1886
1890
1891
1892
1894
1895
1899
1900
1903
1905
1906
1909
1911
1912
1913
1914
1917
1918
1921
1923
1924
1928
1929
1936
1938
1939
1941
1942
1943
1944
1946
1947
1949
1950
1951
1952
1953
1954
1956
1959
1962
1963
1964
1966
1967
1968
1970
1971
1972
1973
1975
1977
1978
1980
1983
1984
1985
1989
1990
1991
1992
1993
1994
1999
2001
2002
2004
2005
2007
2008
2010
2011
2016
2017
2020
2023
2024
2025
2028
2030
2031
2032
2033
2034
2035
2036
2037
2038
2039
2040
2042
2043
2045
2046
2049
2068
2076
2078
2088
2095
2100
2131
2132
2138
2142
2148
2159
2165
2166
2179
2181
2184
2190
2191
2194
2195
2203
2211
2217
2218
2219
2225
2232
2266
2271
2274
2278
2284
2286
2288
2292
2318
2322
2328
2336
2355
2363
2368
2372
2379
2384
2389
2396
2402
2408
2410
2412
2413
2427
2431
2436
2440
2445
2449
2450
2451
2459
2461
2464
2471
2472
2474
2477
2478
2479
2481
2482
2484
2485
2486
2487
2490
2492
2493
2494
2497
2498
2501
2502
2503
2507
2508
2510
2514
2515
2516
2518
2519
2528
2530
2532
2536
2537
2538
2540
2545
2546
2550
2551
2553
2555
2557
2558
2559
2561
2562
2563
2566
2567
2569
2571
2576
2579
2580
2584
2587
2590
2591
2593
2597
2598
2599
2602
2603
2604
2605
2607
2608
2609
2611
2613
2614
2615
2616
2617
2620
2621
2625
2626
2629
2632
2635
2638
2639
2640
2641
2644
2645
2647
2649
2651
2652
2657
2658
2661
2662
2666
2669
2673
2674
2675
2676
2678
2679
2680
2681
2683
2684
2685
2686
2687
2688
2689
2690
2691
2695
2696
2697
2698
2699
2700
2701
2702
2703
2704
2705
2708
2710
2711
2712
2714
2716
2717
2718
2719
2720
2721
2723
2724
2725
2726
2727
2728
2732
2734
2735
2736
2737
2740
2741
2742
2743
2745
2748
2751
2752
2753
2754
2755
2756
2757
2758
2759
2760
2762
2763
2764
2765
2769
2770
2771
2772
2773
2774
2776
2777
2780
2782
2783
2784
2785
2786
2787
2790
2791
2792
2793
2794
2795
2796
2797
2798
2801
2802
2803
2804
2805
2806
2809
2810
2811
2812
2813
2815
2816
2817
2818
2819
2820
2821
2822
2825
2826
2827
2829
2830
2831
2832
2833
2834
2837
2838
2839
2841
2842
2844
2845
2846
2847
2848
2849
2850
2851
2852
2853
2854
2855
2856
2857
2858
2859
2861
2862
2863
2866
2867
2869
2870
2872
2874
2875
2876
2877
2878
2880
2881
2882
2883
2885
2886
2887
2888
2889
2890
2892
2893
2894
2895
2896
2897
2899
2900
2901
2902
2903
2905
2906
2908
2910
2911
2912
2913
2915
2916
2917
2928
2933
2935
2938
2952
2960
2961
2979
2982
2985
2992
2995
2997
2998
3009
3010
3016
3103
3131
3167
3242
3244
3302
3319
3356
3429
3459
3591
3669
3673
3685
3696
3717
3723
3727
3848
3852
3869
3903
3997
4003
4257
4277
4431
4465
4553
4785
4961
4978
5009
5019
5022
5063
5080
5106
5118
5182
5232
5255
5281
5284
5306
5310
5509
5630
5691
5710
5755
5929
5940
6056
6096
6098
6101
6265
6276
6350
6476
6667
6682
6721
6822
6833
6863
6958
6964
7004
7031
7044
7120
7170
7182
7278
7281
7306
7412
7441
7490
7648
7687
7688
7704
7706
7762
7881
7892
7906
7910
7922
8086
8136
8212
8238
8252
8253
8271
8296
8345
8372
8387
8542
8571
8576
8610
8657
8674
8699
8732
8888
8923
8926
8960
8996
9032
9071
9078
9088
9179
9187
9188
9191
9192
9203
9206
9237
9270
9451
9473
9479
9487
9503
9520
9524
9551
9683
9705
9753
9755
9887
9912
9963
9968
10031
10052
10155
10208
10227
10249
10321
10396
10454
10550
10575
10601
10647
10698
10721
10830
10832
10917
10951
11022
11090
11150
11165
11187
11206
11276
11294
11451
11497
11528
11541
11681
11844
11882
11903
11912
12039
12065
12092
12097
12101
12119
12153
12179
12184
12198
12207
12215
12244
12246
12302
12330
12337
12366
12372
12397
12455
12481
12510
12567
12625
12647
12725
12741
12965
12966
12979
12981
12983
12999
13005
13007
13035
13036
13053
13056
13070
