1
22
26
27
75
86
122
126
129
139
141
186
277
280
360
378
386
417
443
451
476
478
515
530
551
566
589
620
730
767
838
842
904
931
940
961
1266
1301
1314
1431
1465
1542
1556
1575
1676
1718
1835
1854
1901
1934
1940
1945
1948
1958
1974
1976
2006
2013
2015
2155
2158
2161
2182
2183
2199
2201
2204
2206
2208
2212
2213
2227
2233
2235
2244
2245
2249
2250
2252
2259
2261
2263
2264
2296
2299
2301
2308
2323
2332
2337
2341
2351
2357
2358
2370
2380
2392
2393
2394
2406
2409
2416
2424
2426
2429
2441
2448
2455
2463
2468
2541
2572
2601
2660
2693
2749
2766
2828
3006
3033
3035
3038
3040
3051
3054
3058
3062
3063
3064
3065
3068
3096
3097
3104
3129
3132
3144
3149
3150
3151
3153
3180
3181
3197
3201
3202
3204
3221
3225
3227
3228
3229
3230
3231
3255
3266
3268
3269
3271
3279
3287
3301
3314
3317
3318
3337
3343
3354
3364
3366
3369
3370
3371
3372
3377
3378
3380
3384
3386
3387
3389
3400
3405
3421
3445
3465
3472
3473
3475
3485
3492
3493
3494
3510
3511
3527
3529
3549
3558
3566
3568
3569
3577
3582
3585
3593
3615
3619
3620
3622
3624
3634
3635
3641
3649
3653
3661
3667
3672
3678
3680
3716
3730
3731
3732
3733
3734
3735
3747
3749
3752
3755
3758
3761
3783
3790
3793
3794
3807
3821
3829
3843
3858
3879
3889
3892
3902
3905
3906
3913
3914
3915
3917
3918
3919
3930
3931
3933
3934
3935
3936
3940
3949
3964
3965
3966
3976
3985
3998
4012
4014
4019
4020
4024
4028
4039
4040
4045
4053
4055
4057
4058
4072
4096
4099
4113
4114
4116
4118
4123
4126
4128
4133
4134
4146
4150
4151
4154
4169
4171
4174
4178
4182
4198
4211
4212
4223
4227
4235
4236
4239
4241
4253
4266
4267
4269
4288
4296
4297
4310
4348
4350
4362
4369
4372
4392
4397
4405
4411
4451
4459
4460
4464
4494
4495
4496
4497
4498
4499
4502
4513
4518
4520
4522
4525
4539
4547
4558
4568
4572
4579
4580
4581
4588
4613
4617
4621
4632
4644
4647
4648
4651
4652
4653
4659
4660
4661
4676
4677
4680
4690
4702
4707
4710
4712
4728
4759
4770
4778
4784
4797
4802
4821
4826
4829
4837
4864
4868
4875
4876
4879
4880
4881
4883
4898
4902
4907
4908
4910
4914
4917
4920
4922
4931
4935
4941
4949
4950
4952
4969
4996
5017
5018
5020
5021
5023
5024
5037
5051
5058
5060
5064
5065
5066
5069
5073
5085
5087
5094
5150
5152
5156
5163
5170
5195
5201
5206
5207
5233
5238
5242
5256
5258
5259
5262
5279
5287
5288
5297
5309
5315
5325
5339
5341
5344
5372
5399
5404
5406
5414
5442
5445
5448
5449
5450
5453
5454
5455
5461
5481
5485
5486
5504
5507
5521
5522
5523
5543
5554
5569
5574
5581
5595
5597
5599
5618
5619
5621
5628
5633
5636
5642
5645
5646
5653
5654
5665
5671
5672
5673
5681
5684
5705
5706
5707
5719
5720
5739
5747
5750
5751
5752
5763
5785
5786
5810
5812
5814
5837
5849
5852
5862
5869
5872
5873
5876
5877
5879
5893
5894
5896
5899
5935
5951
5953
5954
5979
5980
5984
5992
5999
6001
6003
6038
6040
6045
6046
6058
6072
6073
6084
6087
6091
6095
6108
6128
6133
6140
6141
6142
6164
6183
6198
6201
6207
6211
6212
6214
6217
6225
6234
6241
6243
6253
6257
6270
6275
6277
6279
6281
6286
6288
6301
6302
6307
6308
6313
6314
6321
6322
6333
6368
6370
6372
6375
6377
6383
6384
6385
6393
6396
6399
6400
6427
6434
6435
6438
6439
6444
6448
6457
6463
6484
6488
6492
6495
6498
6503
6508
6509
6510
6525
6526
6539
6548
6570
6574
6584
6593
6603
6604
6605
6607
6611
6613
6615
6635
6636
6637
6638
6640
6642
6647
6679
6680
6687
6697
6714
6715
6718
6727
6733
6736
6745
6766
6807
6830
6853
6861
6872
6873
6896
6897
6909
6932
6954
6976
6984
6989
7003
7005
7007
7021
7028
7029
7034
7035
7037
7038
7040
7041
7046
7051
7071
7073
7079
7089
7100
7104
7115
7116
7131
7134
7135
7140
7147
7155
7156
7177
7184
7196
7197
7207
7209
7210
7227
7230
7242
7246
7247
7248
7250
7253
7267
7280
7283
7284
7287
7288
7291
7292
7299
7301
7304
7333
7334
7335
7341
7344
7354
7367
7368
7369
7371
7372
7373
7387
7388
7395
7396
7406
7411
7413
7433
7463
7464
7469
7473
7487
7489
7491
7493
7494
7495
7496
7499
7502
7522
7526
7529
7533
7536
7538
7540
7541
7550
7563
7566
7571
7573
7574
7575
7580
7581
7583
7605
7629
7637
7646
7656
7692
7696
7697
7703
7710
7729
7737
7738
7741
7746
7753
7754
7759
7764
7767
7774
7775
7779
7782
7803
7815
7823
7825
7826
7829
7855
7882
7893
7923
7924
7925
7929
7935
7952
7954
7956
7958
7963
7981
7987
8008
8012
8014
8027
8030
8038
8039
8044
8053
8055
8059
8065
8071
8073
8093
8101
8111
8118
8125
8126
8134
8154
8168
8185
8195
8199
8200
8204
8206
8207
8208
8209
8213
8221
8225
8245
8272
8292
8293
8309
8312
8318
8321
8363
8364
8367
8370
8394
8400
8405
8446
8449
8451
8453
8454
8464
8465
8466
8467
8472
8494
8498
8506
8509
8517
8523
8529
8534
8535
8538
8545
8559
8563
8564
8575
8578
8579
8586
8588
8593
8594
8595
8597
8598
8600
8602
8604
8635
8644
8647
8649
8650
8661
8664
8670
8696
8710
8711
8713
8731
8735
8745
8754
8768
8771
8797
8799
8800
8804
8807
8808
8816
8818
8826
8848
8867
8870
8871
8894
8895
8897
8902
8904
8918
8922
8924
8932
8948
8956
8971
8975
8982
8983
8984
8989
9005
9020
9031
9048
9056
9061
9063
9089
9090
9092
9094
9101
9102
9109
9112
9113
9125
9126
9127
9128
9163
9166
9167
9172
9178
9182
9190
9193
9217
9218
9222
9229
9235
9244
9249
9252
9258
9259
9265
9278
9287
9300
9310
9311
9364
9381
9382
9424
9425
9426
9436
9437
9443
9444
9457
9474
9475
9535
9538
9544
9546
9563
9564
9573
9581
9582
9601
9604
9607
9620
9626
9631
9636
9637
9656
9657
9665
9680
9697
9703
9708
9710
9713
9717
9719
9733
9734
9796
9800
9812
9825
9863
9868
9871
9872
9882
9889
9891
9892
9893
9933
9937
9940
9941
9942
9945
9950
9951
9961
9962
9966
9975
9980
9997
9999
10034
10036
10038
10045
10047
10057
10061
10080
10089
10100
10119
10120
10121
10122
10124
10125
10126
10131
10132
10160
10162
10166
10167
10170
10184
10186
10187
10189
10193
10194
10196
10200
10201
10202
10221
10232
10244
10245
10267
10289
10290
10295
10299
10300
10320
10335
10347
10348
10351
10370
10375
10376
10379
10380
10381
10383
10384
10388
10403
10405
10419
10426
10455
10458
10459
10462
10463
10469
10508
10512
10516
10526
10529
10540
10541
10580
10581
10615
10626
10628
10632
10656
10666
10669
10675
10681
10686
10695
10699
10705
10706
10711
10734
10744
10747
10748
10752
10753
10773
10778
10779
10788
10789
10805
10821
10826
10827
10836
10847
10863
10865
10869
10885
10886
10895
10898
10916
10924
10941
10942
10970
10978
10987
10988
10990
10991
10995
11000
11006
11028
11037
11041
11058
11063
11100
11122
11142
11155
11156
11161
11163
11172
11176
11178
11180
11186
11194
11205
11207
11208
11210
11235
11236
11247
11248
11250
11251
11252
11257
11266
11288
11317
11324
11335
11362
11363
11367
11377
11378
11387
11396
11399
11401
11403
11410
11411
11412
11413
11428
11431
11433
11434
11449
11452
11463
11473
11474
11477
11480
11481
11504
11510
11512
11515
11535
11536
11548
11550
11553
11554
11556
11559
11566
11589
11591
11595
11601
11612
11613
11620
11632
11640
11641
11642
11643
11644
11649
11660
11664
11666
11671
11689
11697
11711
11751
11753
11756
11757
11770
11795
11802
11814
11827
11842
11848
11851
11852
11857
11864
11878
11904
11918
11919
11921
11947
11952
11953
11960
11965
11968
11971
12003
12004
12019
12021
12030
12031
12036
12048
12049
12054
12055
12059
12070
12088
12096
12123
12124
12125
12129
12130
12181
12182
12183
12188
12191
12194
12195
12210
12218
12227
12229
12238
12247
12253
12272
12304
12306
12307
12308
12309
12312
12313
12316
12331
12341
12342
12363
12394
12395
12401
12402
12408
12417
12426
12428
12429
12430
12449
12451
12457
12458
12460
12462
12476
12487
12528
12635
12641
12658
12665
12668
12672
12673
12676
12683
12684
12688
12691
12695
12701
12703
12717
12722
12731
12737
12744
12755
12762
12763
12766
12767
12768
12773
12774
12776
12783
12791
12795
12798
12802
12804
12805
12806
12807
12820
12821
12826
12827
12829
12834
12836
12841
12847
12848
12851
12857
12860
12861
12862
12866
12870
12871
12873
12876
12884
12885
12893
12909
12914
12917
12923
12926
12928
12933
12942
12948
12950
12951
12952
12954
12972
12976
12987
13012
13057
13069
