909
1200
1451
1732
2169
2243
3023
3140
3158
3179
3183
3207
3209
3226
3291
3365
3382
3597
3654
3713
3787
3883
4080
4091
4147
4163
4190
4214
4215
4216
4299
4338
4346
4354
4381
4407
4457
4484
4619
4657
4716
4740
4831
4915
5004
5013
5029
5062
5075
5108
5216
5285
5290
5338
5346
5425
5470
5476
5568
5656
5711
5718
5770
5970
6036
6165
6282
6305
6339
6378
6394
6461
6507
6762
6871
6885
6918
6968
7068
7080
7138
7139
7151
7166
7167
7175
7180
7233
7236
7296
7425
7501
7552
7647
7959
7961
7967
7993
7994
7995
8037
8104
8119
8158
8183
8190
8260
8328
8333
8358
8369
8440
8508
8549
8570
8617
8753
9025
9111
9162
9174
9228
9446
9518
9624
9627
9702
9804
9816
9835
9847
9873
10028
10065
10071
10150
10181
10251
10302
10315
10344
10411
10488
10524
10533
10612
10635
10667
10678
10981
11002
11003
11069
11085
11109
11127
11135
11188
11263
11395
11402
11414
11509
11524
11608
11622
11685
11705
11734
11740
11749
11843
12042
12043
12173
12177
12178
12206
12236
12361
12386
12484
12835
12881
13002
13049
