216
473
710
879
2172
2221
2663
3030
3069
3091
3119
3156
3157
3172
3174
3189
3190
3191
3210
3219
3270
3289
3312
3321
3326
3363
3383
3396
3398
3411
3418
3423
3451
3457
3458
3460
3461
3530
3533
3538
3543
3546
3552
3595
3651
3726
3745
3757
3805
3872
3928
3948
3968
3973
3989
4033
4121
4136
4141
4143
4145
4181
4184
4189
4275
4307
4318
4329
4335
4340
4367
4390
4395
4414
4467
4470
4511
4560
4565
4566
4610
4612
4629
4634
4689
4713
4805
4820
4840
4860
4861
4895
4896
4928
4940
4960
4962
5000
5072
5084
5113
5130
5134
5142
5151
5155
5165
5168
5187
5289
5337
5350
5356
5364
5451
5462
5477
5479
5480
5533
5551
5564
5566
5590
5609
5616
5631
5683
5695
5702
5716
5727
5732
5736
5738
5787
5791
5811
5831
5848
5865
5897
5905
5942
5943
5946
5948
5949
5971
5987
5996
6055
6123
6127
6153
6161
6197
6204
6210
6226
6255
6346
6349
6354
6381
6390
6408
6429
6447
6459
6481
6520
6540
6541
6544
6612
6634
6644
6657
6660
6669
6706
6752
6793
6810
6846
6847
6851
6912
6950
6951
6962
6995
7009
7024
7049
7081
7088
7114
7187
7198
7220
7293
7315
7385
7401
7417
7424
7429
7484
7514
7530
7546
7548
7577
7593
7598
7650
7668
7672
7676
7680
7689
7717
7723
7745
7747
7755
7809
7819
7849
7857
7880
7903
7932
7937
7940
7943
7944
7950
7960
8013
8024
8094
8095
8102
8105
8106
8115
8132
8148
8196
8341
8342
8355
8357
8377
8408
8437
8556
8569
8636
8641
8683
8721
8725
8733
8760
8788
8790
8809
8825
8829
8855
8899
8955
9015
9038
9039
9062
9083
9110
9157
9176
9205
9208
9280
9302
9329
9348
9369
9392
9394
9397
9401
9407
9434
9460
9463
9509
9562
9618
9630
9632
9645
9655
9670
9695
9721
9722
9729
9774
9809
9828
9913
9973
10027
10059
10070
10085
10097
10110
10142
10172
10177
10250
10275
10304
10311
10341
10346
10353
10434
10447
10452
10453
10473
10474
10483
10557
10558
10621
10712
10715
10716
10725
10950
11009
11021
11066
11113
11151
11167
11190
11217
11223
11228
11264
11275
11292
11350
11391
11421
11427
11448
11468
11489
11502
11529
11531
11581
11694
11703
11720
11820
11879
11884
11889
11927
11955
11984
12020
12023
12050
12052
12068
12131
12138
12144
12228
12282
12334
12375
12391
12448
12463
12467
12469
