8
11
12
13
14
15
16
17
18
28
41
42
45
46
51
52
53
56
64
73
76
85
93
94
97
118
119
120
121
137
144
147
151
152
154
155
161
162
163
165
166
167
168
170
172
174
175
176
177
180
181
182
183
184
187
188
189
192
193
194
195
196
197
200
203
204
205
209
211
212
214
215
217
218
226
244
245
246
256
257
260
261
263
267
369
387
388
389
390
391
392
394
395
396
397
398
400
401
409
412
419
433
434
441
456
458
494
496
499
500
502
504
515
516
517
518
603
606
607
609
611
614
615
617
625
658
659
674
680
698
709
713
714
731
735
758
762
768
770
771
772
773
777
779
780
781
783
785
807
810
817
830
833
834
849
850
855
875
878
880
881
882
883
886
887
888
889
890
891
892
893
894
895
896
897
898
899
901
902
903
904
907
908
909
910
911
912
913
914
916
917
918
920
921
922
923
924
925
926
927
928
929
930
931
932
933
934
935
936
937
938
939
940
941
943
944
945
946
947
948
949
950
951
952
953
954
955
956
957
958
959
960
961
963
964
965
966
967
968
969
972
974
980
985
989
1005
1006
1009
1011
1014
1016
1018
1024
1037
1054
1055
1081
1083
1084
1085
1086
1087
1106
1107
1110
1159
1160
1162
1163
1164
1166
1167
1190
1229
1234
1236
1239
1248
1259
1277
1286
1294
1311
1322
1326
1330
1332
1340
1342
1356
1357
1363
1369
1376
1380
1387
1392
1393
1394
1396
1406
1414
1419
1423
1424
1425
1426
1427
1430
1443
1452
1453
1455
1457
1460
1463
1464
1466
1469
1470
1471
1474
1476
1477
1479
1482
1483
1484
1486
1487
1488
1489
1490
1491
1493
1494
1496
1498
1499
1502
1503
1504
1505
1507
1508
1509
1510
1511
1512
1513
1514
1515
1516
1517
1518
1519
1521
1522
1524
1525
1526
1527
1528
1529
1530
1531
1533
1534
1535
1536
1537
1538
1539
1541
1542
1544
1545
1546
1547
1548
1550
1552
1553
1555
1556
1558
1559
1561
1565
1566
1568
1570
1571
1572
1573
1574
1575
1592
1593
1598
1599
1600
1601
1602
1603
1617
1619
1620
1621
1634
1635
1640
1641
1642
1644
1645
1650
1651
1653
1654
1660
1661
1670
1671
1684
1692
1696
1700
1721
1728
1746
1747
1749
1751
1754
1758
1761
1762
1796
1800
1803
1805
1814
1816
1818
1822
1824
1829
1830
1833
1835
1836
1838
1847
1873
1874
1875
1876
1877
1879
1881
1886
1888
1891
1894
1895
1897
1898
1908
1910
1960
1966
1967
1989
2005
2009
2011
2016
2019
2023
2024
2046
2049
2059
2062
2070
2077
2084
2086
2087
2088
2089
2091
2094
2100
2101
2112
2129
2131
2133
2135
2138
2170
2185
2189
2213
2214
2216
2217
2223
2226
2230
2231
2234
2236
2242
2244
2245
2248
2258
2259
2327
2328
2362
2377
2389
2393
2553
2554
2567
2568
2570
2571
2574
2583
2586
2590
2615
2646
2648
2665
2675
2678
2685
2689
2693
2695
2696
2697
2698
2716
2720
2726
2728
2740
2749
2752
2753
2763
2764
2766
2770
2780
2796
2828
2829
2835
2858
2859
2866
2867
2868
2871
2876
2877
2886
2890
2892
2897
2918
2924
2926
2931
2933
2936
2937
2946
2956
2958
2959
2960
2961
2962
2963
2966
2976
2983
2986
2997
3010
3011
3012
3021
3024
3025
3041
3045
3051
3052
3053
3054
3055
3058
3059
3062
3065
3066
3067
3068
3069
3070
3072
3075
3076
3110
3111
3117
3120
3123
3130
3131
3133
3136
3143
3145
3149
3150
3152
3153
3154
3155
3156
3166
3167
3168
3171
3176
3182
3183
3185
3188
3209
3219
3221
3224
3236
3237
3242
3243
3254
3255
3258
3267
3268
3269
3274
3279
3281
3282
3284
3292
3295
3296
3302
3303
3304
3306
3307
3308
3309
3310
3314
3315
3316
3318
3319
3322
3323
3324
3325
3329
3330
3333
3335
3336
3343
3349
3355
3361
3362
3363
3364
3369
3372
3373
3376
3383
3387
3389
3392
3404
3412
3418
3423
3429
3431
3432
3434
3435
3439
3440
3441
3444
3445
3446
3451
3452
3454
3459
3461
3468
3469
3476
3488
3490
3491
3492
3495
3497
3498
3503
3505
3510
3512
3516
3522
3524
3526
3528
3529
3533
3540
3543
3544
3550
3553
3557
3558
3564
3572
3574
3582
3583
3587
3589
3592
3594
3599
3604
3606
3611
3632
3635
3638
3652
3662
3663
3665
3666
3670
3671
3674
3676
3677
3679
3682
3683
3685
3686
3687
3688
3690
3693
3694
3697
3698
3699
3700
3701
3702
3704
3706
3708
3709
3710
3711
3712
3713
3714
3715
3716
3718
3719
3720
3721
3722
3723
3724
3727
3730
3733
3734
3736
3738
3740
3744
3745
3746
3747
3751
3756
3757
3758
3759
3762
3766
3775
3784
3811
3815
3820
3836
3837
3838
3839
3840
3841
3842
3843
3844
3845
3846
3847
3848
3849
3852
3853
3868
3872
3875
3878
3883
3895
3899
3919
3924
3931
3934
3936
3938
3939
3940
3946
3955
3970
3972
3973
3975
3976
3977
3978
3981
3983
3984
3985
3986
3987
3988
3989
3992
3993
3994
3995
3996
3998
3999
4000
4003
4018
4021
4022
4027
4028
4033
4066
4070
4072
4073
4085
4087
4088
4090
4091
4092
4098
4102
4107
4118
4122
4126
4130
4131
4144
4152
4160
4165
4166
4172
4173
4182
4183
4186
4187
4194
4198
4201
4220
4223
4224
4235
4239
4240
4247
4252
4254
4261
4263
4270
4279
4298
4301
4310
4320
4324
4327
4328
4329
4336
4341
4344
4353
4356
4359
4362
4364
4375
4376
4382
4383
4388
4390
4392
4399
4408
4410
4413
4420
4432
4433
4442
4443
4444
4447
4450
4451
4462
4472
4479
4481
4483
4496
4502
4511
4512
4515
4530
4542
4552
4553
4555
4556
4558
4561
4568
4569
4570
4582
4589
4590
4594
4595
4596
4598
4599
4600
4602
4603
4604
4605
4606
4607
4608
4609
4610
4611
4612
4618
4621
4622
4623
4625
4626
4627
4628
4630
4635
4636
4638
4642
4647
4659
4660
4661
4672
4675
4677
4701
4702
4711
4712
4713
4716
4717
4718
4729
4730
4740
4746
4759
4762
4766
4768
4770
4772
4776
4780
4781
4782
4783
4784
4785
4786
4787
4788
4789
4790
4791
4792
4793
4794
4795
4796
4797
4798
4799
4800
4801
4802
4803
4804
4812
4813
4816
4834
4843
4844
4846
4848
4849
4877
4878
4880
4882
4884
4886
4889
4890
4892
4895
4898
4900
4901
4902
4904
4905
4906
4908
4909
4910
4911
4912
4913
4914
4915
4916
4920
4941
4943
4946
4948
4951
4957
4963
4969
4973
4979
4984
4990
4992
4993
5001
5017
5019
5029
5032
5033
5035
5038
5039
5040
5041
5042
5043
5044
5046
5047
5048
5052
5053
5054
5057
5060
5062
5068
5073
5074
5078
5086
5092
5094
5095
5096
5097
5098
5106
5120
5122
5125
5140
5143
5190
5191
5193
5207
5211
5213
5216
5224
5225
5231
5232
5235
5236
5238
5240
5241
5245
5246
5248
5251
5253
5269
5270
5271
5273
5274
5276
5277
5278
5280
5281
5282
5283
5284
5285
5286
5287
5288
5289
5295
5299
5303
5304
5306
5311
5312
5328
5330
5341
5344
5347
5368
5371
5372
5373
5394
5397
5405
5415
5419
5424
5427
5428
5437
5438
5446
5447
5453
5457
5458
5466
5471
5472
5474
5480
5481
5484
5504
5510
5512
5516
5517
5520
5522
5527
5528
5529
5531
5545
5547
5553
5571
5575
5579
5581
5582
5583
5588
5590
5595
5598
5600
5601
5627
5628
5642
5649
5650
5664
5669
5695
5703
5707
5715
5718
5719
5734
5740
5800
5821
5822
5823
5830
5837
5838
5839
5841
5842
5853
5854
5870
5883
5888
5890
5891
5901
5902
5908
5916
5923
5927
5928
5932
5934
5935
5936
5943
5950
5951
5963
5971
5976
5983
5990
5991
5992
6001
6007
6008
6014
6029
6039
6041
6043
6051
6058
6068
6070
6073
6078
6090
6092
6096
6097
6098
6100
6102
6110
6116
6122
6129
6130
6131
6132
6134
6140
6142
6145
6147
6149
6150
6160
6168
6169
6241
6242
6278
6289
6300
6301
6303
6304
6308
6312
6316
6321
6322
6341
6402
6412
6414
6429
6435
6439
6446
6448
6453
6469
6474
6475
6483
6486
6488
6489
6490
6497
6500
6502
6509
6512
6513
6519
6529
6532
6533
6536
6541
6590
6592
6594
6596
6600
6602
6606
6610
6611
6619
6620
6626
6643
6644
6645
6646
6653
6655
6656
6657
6660
6661
6678
6682
6683
6687
6688
6689
6690
6691
6692
6693
6694
6696
6698
6699
6700
6708
6709
6710
6727
6728
6730
6732
6734
6742
6745
6749
6752
6758
6759
6761
6764
6777
6786
6794
6802
6804
6826
6828
6833
6840
6843
6845
6848
6851
6852
6853
6880
6883
6888
6903
6904
6909
6913
6914
6915
6918
6920
6931
6934
6944
6945
6946
6947
6948
6950
6956
6980
6983
6984
6985
6986
6987
6988
6990
7001
7010
7017
7018
7019
7021
7022
7023
7024
7027
7030
7035
7044
7045
7047
7048
7053
7054
7055
7059
7060
7061
7064
7065
7066
7067
7068
7069
7070
7072
7074
7075
7076
7078
7079
7080
7081
7083
7084
7086
7087
7089
7091
7095
7096
7098
7099
7100
7103
7104
7105
7107
7108
7112
7113
7115
7116
7119
7121
7123
7124
7141
7145
7147
7149
7150
7155
7170
7181
7182
7183
7184
7185
7186
7187
7188
7189
7190
7191
7192
7194
7195
7196
7197
7198
7199
7200
7201
7211
7214
7218
7219
7220
7228
7241
7243
7247
7248
7250
7252
7254
7255
7257
7265
7271
7277
7286
7289
7312
7317
7319
7322
7329
7330
7332
7337
7338
7339
7343
7351
7360
7361
7362
7364
7369
7372
7382
7385
7389
7396
7399
7411
7416
7417
7422
7435
7442
7444
7445
7446
7447
7451
7452
7454
7455
7458
7463
7464
7470
7473
7474
7477
7479
7482
7492
7494
7496
7510
7517
7518
7520
7521
7524
7527
7546
7547
7550
7554
7555
7556
7568
7569
7570
7571
7572
7574
7575
7577
7582
7585
7586
7596
7599
7606
7615
7625
7627
7634
7635
7640
7643
7644
7646
7647
7652
7653
7655
7656
7657
7658
7660
7661
7663
7664
7668
7670
7673
7674
7679
7684
7691
7696
7709
7710
7715
7722
7726
7743
7744
7748
7777
7778
7784
7789
7791
7794
7801
7804
7806
7811
7812
7815
7827
7828
7854
7857
7883
7887
7890
7947
7948
7949
7954
7960
7963
7966
7973
7976
7979
7980
7990
7992
7993
7996
7999
8001
8002
8004
8005
8007
8008
8009
8010
8011
8013
8016
8017
8020
8023
8024
8025
8027
8028
8029
8030
8033
8035
8037
8038
8040
8046
8084
8085
8119
8120
8121
8122
8123
8127
8129
8130
8131
8132
8133
8134
8135
8137
8139
8141
8156
8159
8160
8161
8164
8167
8170
8176
8202
8211
8224
8225
8237
8255
8315
8316
8331
8342
8343
8345
8348
8354
8356
8367
8379
8388
8391
8392
8397
8398
8400
8427
8428
8435
8441
8444
8448
8454
8473
8477
8481
8486
8492
8506
8524
8525
8526
8533
8534
8536
8539
8543
8552
8553
8554
8555
8556
8557
8565
8566
8573
8575
8582
8583
8584
8585
8586
8592
8596
8618
8620
8621
8626
8627
8648
8658
8659
8661
8662
8663
8666
8667
8669
8671
8672
8673
8675
8678
8681
8684
8686
8687
8697
8705
8715
8716
8721
8738
8746
8752
8777
8778
8782
8783
8784
8787
8788
8855
8859
8860
8864
8865
8874
8880
8881
8882
8883
8884
8893
8894
8897
8898
8903
8906
8910
8911
8920
8921
8922
8926
8928
8929
8930
8936
8937
8938
8939
8940
8941
8944
8947
8949
8950
8952
8960
8961
8966
8967
8968
8969
8971
8973
8974
8981
8986
8989
8996
9000
9006
9013
9017
9023
9024
9025
9030
9031
9032
9033
9037
9042
9043
9044
9045
9047
9049
9053
9054
9055
9056
9057
9060
9061
9062
9063
9064
9068
9069
9081
9083
9094
9096
9105
9108
9117
9125
9127
9131
9136
9140
9144
9155
9157
9159
9163
9165
9166
9168
9169
9171
9177
9182
9189
9190
9191
9192
9193
9194
9195
9196
9197
9198
9200
9201
9203
9204
9205
9212
9214
9215
9218
9219
9220
9221
9222
9225
9234
9235
9239
9242
9246
9247
9248
9249
9250
9251
9252
9253
9254
9255
9256
9257
9259
9265
9266
9267
9269
9276
9283
9284
9287
9289
9292
9296
9302
9303
9304
9306
9309
9311
9315
9320
9331
9332
9333
9340
9342
9343
9350
9353
9354
9355
9357
9358
9359
9360
9361
9363
9364
9365
9368
9369
9370
9374
9379
9385
9387
9391
9393
9400
9406
9407
9408
9409
9410
9411
9412
9413
9414
9415
9416
9417
9418
9419
9420
9421
9422
9423
9424
9425
9426
9427
9428
9429
9430
9431
9432
9433
9434
9436
9439
9444
9447
9452
9462
9465
9467
9473
9476
9485
9486
9492
9508
9509
9510
9512
9515
9520
9529
9535
9536
9541
9544
9545
9548
9550
9551
9555
9557
9558
9560
9563
9592
9594
9604
9610
9611
9626
9630
9638
9641
9642
9646
9648
9651
9654
9666
9672
9677
9679
9680
9682
9683
9685
9687
9691
9699
9715
9742
9750
9754
9759
9761
9763
9764
9769
9777
9783
9787
9789
9790
9800
9802
9806
9807
9809
9810
9811
9816
9829
9830
9832
9836
9837
9838
9840
9841
9854
9861
9862
9863
9865
9867
9871
9872
9879
9882
9883
9884
9889
9891
9892
9893
9895
9898
9899
9900
9909
9913
9914
9915
9917
9918
9920
9924
9926
9929
9930
9931
9936
9938
9939
9941
9947
9948
9949
9950
9953
9956
9957
9959
9961
9962
9963
9964
9965
9966
9970
9971
9987
9988
9989
9990
9991
9992
9993
9994
9995
9996
9997
9998
9999
10005
10006
10007
10009
10010
10011
10012
10013
10015
10016
10024
10027
10032
10036
10037
10039
10040
10041
10052
10057
10066
10070
10072
10073
10076
10077
10078
10084
10085
10086
10087
10088
10090
10092
10093
10096
10097
10098
10101
10103
10108
10109
10111
10112
10113
10114
10116
10117
10118
10119
10121
10122
10123
10124
10126
10127
10128
10129
10130
10131
10132
10133
10134
10135
10136
10137
10138
10139
10140
10141
10142
10143
10144
10145
10146
10147
10148
10149
10150
10151
10152
10154
10155
10157
10158
10159
10168
10171
10173
10174
10175
10176
10179
10181
10183
10185
10187
10190
10191
10192
10196
10199
10203
10204
10205
10209
10210
10211
10212
10213
10214
10215
10216
10218
10219
10220
10221
10222
10226
10230
10231
10235
10236
10237
10240
10243
10244
10246
10255
10266
10273
10274
10275
10276
10277
10278
10279
10281
10282
10283
10284
10285
10286
10287
10289
10291
10292
10293
10294
10295
10297
10298
10300
10303
10304
10306
10312
10313
10321
10323
10334
10335
10336
10339
10340
10341
10346
10356
10361
10363
10369
10373
10377
10379
10382
10388
10389
10396
10397
10399
10400
10401
10402
10407
10424
10425
10428
10430
10431
10435
10436
10440
10444
10449
10452
10457
10463
10464
10467
10469
10470
10471
10472
10474
10475
10476
10477
10478
10480
10482
10483
10484
10485
10487
10489
10490
10491
10492
10493
10494
10495
10496
10497
10498
10499
10500
10502
10503
10505
10506
10507
10508
10509
10510
10511
10512
10513
10514
10515
10516
10527
10528
10534
10538
10539
10546
10547
10555
10561
10563
10569
10572
10573
10574
10577
10579
10584
10586
10589
10590
10592
10593
10594
10595
10597
10602
10603
10604
10607
10609
10611
10612
10613
10614
10615
10616
10617
10618
10619
10620
10623
10629
10631
10633
10640
10652
10653
10663
10664
10669
10672
10674
10676
10682
10696
10708
10711
10712
10714
10715
10716
10717
10719
10720
10721
10722
10731
10732
10741
10742
10745
10756
10759
10761
10762
10763
10770
10779
10781
10794
10799
10801
10810
10811
10817
10818
10820
10821
10822
10823
10824
10828
10829
10831
10832
10833
10834
10837
10849
10851
10855
10868
10878
10880
10884
10886
10887
10896
10898
10900
10904
10936
10938
10942
10943
10946
10947
10948
10952
10955
10960
10978
11015
11019
11021
11022
11034
11036
11037
11039
11040
11073
11090
11093
11102
11103
11105
11107
11108
11109
11111
11120
11121
11137
11146
11147
11148
11150
11153
11154
11159
11176
11218
11223
11228
11229
11234
11235
11256
11288
11289
11290
11293
11294
11295
11296
11297
11321
11324
11327
11330
11333
11334
11335
11337
11341
11343
11344
11345
11349
11360
11361
11362
11378
11379
11380
11383
11414
11416
11425
11426
11427
11432
11434
11436
11437
11438
11443
11454
11455
11478
11486
11487
11489
11499
11500
11503
11505
11506
11507
11519
11524
11529
11531
11537
11539
11541
11543
11544
11545
11546
11547
11549
11550
11551
11552
11553
11559
11563
11567
11571
11572
11575
11577
11580
11592
11593
11594
11595
11597
11598
11599
11600
11601
11602
11603
11604
11605
11606
11607
11608
11609
11610
11611
11612
11614
11616
11618
11619
11621
11622
11623
11625
11626
11629
11630
11631
11632
11633
11634
11638
11641
11642
11644
11645
11646
11647
11648
11650
11651
11652
11653
11654
11655
11659
11664
11670
11689
11694
11697
11700
11704
11713
11717
11718
11721
11725
11729
11733
11735
11741
11745
11755
11758
11759
11760
11793
11798
11803
11810
11814
11817
11821
11823
11827
11828
11830
11833
11836
11838
11839
11843
11847
11848
11852
11854
11866
11867
11868
11872
11880
11881
11884
11893
11894
11895
11897
11898
11901
11906
11907
11909
11910
11914
11917
11919
11920
11924
11926
11927
11930
11942
11944
11947
11950
11954
11955
11960
11968
11969
11989
11990
11995
12000
12003
12022
12039
12047
12054
12056
12058
12060
12061
12063
12065
12082
12083
12095
12099
12106
12109
12111
12113
12115
12116
12117
12118
12120
12126
12127
12130
12131
12143
12151
12166
12179
12187
12196
12199
12201
12203
12241
12244
12246
12249
12250
12254
12258
12260
12262
12263
12266
12268
12270
12276
12277
12283
12284
12286
12290
12292
12293
12296
12298
12299
12301
12304
12306
12307
12309
12310
12312
12315
12319
12322
12324
12325
12328
12329
12333
12335
12336
12337
12338
12339
12340
12341
12342
12343
12344
12346
12354
12358
12368
12379
12381
12384
12385
12386
12388
12391
12393
12394
12395
12400
12406
12411
12421
12431
12434
12435
12441
12442
12444
12446
12447
12448
12449
12455
12456
12464
12468
12476
12490
12502
12506
12532
12538
12540
12543
12548
12560
12562
12565
12567
12586
12595
12599
12604
12606
12620
12621
12622
12624
12625
12630
12643
12649
12663
12664
12690
12699
12717
12718
12719
12732
12734
12753
12759
12760
12761
12763
12764
12765
12794
12796
12808
12809
12810
12816
12822
12827
12828
12829
12835
12836
12837
12870
12871
12894
12897
12900
12902
12932
12933
12934
12937
12940
12943
12944
12945
12946
12947
12948
12949
12950
12953
12958
12959
12964
12965
12966
12975
12976
12977
12982
12985
12986
12989
12993
12995
13000
13002
13009
13024
13082
13128
13148
13151
13152
13153
13154
13155
13156
13157
13158
13160
13161
13162
13163
13164
13165
13166
13167
13168
13169
13170
13172
13173
13174
13175
13176
13177
13178
13180
13181
13182
13183
13184
13185
13186
13187
13189
13190
13191
13192
13194
13196
13199
13200
13201
13202
13204
13205
13206
13207
13209
13210
13214
13215
13217
13221
13224
13225
13229
13258
13262
13264
13266
13269
13270
13271
13274
13275
13276
13283
13285
13286
13287
13288
13289
13290
13291
13292
13293
13294
13295
13296
13300
13302
13304
13305
13306
13307
13308
13309
13311
13321
13328
13330
13333
13334
13344
13346
13347
13354
13369
13377
13378
13384
13386
13392
13396
13399
13460
13475
13484
13485
13486
13496
13503
13505
13506
13507
13508
13521
13523
13525
13527
13552
13554
13558
13559
13560
13561
13564
13565
13569
13584
13587
13595
13601
13602
13603
13604
13605
13606
13607
13608
13609
13610
13611
13612
13613
13614
13615
13617
13626
13633
13645
13648
13655
13657
13662
13664
13677
13679
13680
13682
13684
13685
13691
13697
13708
13710
13716
13717
13718
13719
13722
13736
13741
13749
13780
13783
13788
13789
13790
13792
13797
13800
13805
13807
13808
13814
13823
13833
13835
13839
13842
13847
13854
13873
13874
13876
13880
13881
13882
13883
13888
13889
13910
13912
13915
13947
13948
13950
13957
13959
13963
13965
13966
13976
13977
13979
13981
13983
13985
13990
13992
13993
13994
13995
14003
14007
14008
14036
14037
14050
14055
14058
14066
14069
14077
14080
14083
14085
14091
14095
14099
14100
14106
14110
14113
14118
14122
14131
14132
14134
14135
14139
14140
14151
14152
14154
14159
14163
14164
14168
14172
14177
14182
14184
14189
14201
14204
14208
14209
14211
14212
14213
14214
14216
14219
14221
14222
14224
14226
14227
14230
14231
14233
14234
14236
14237
14238
14239
14240
14241
14242
14243
14246
14248
14249
14250
14251
14252
14253
14254
14255
14256
14257
14258
14259
14260
14261
14262
14266
14269
14270
14271
14272
14273
14274
14275
14276
14277
14279
14281
14282
14283
14284
14285
14287
14288
14289
14290
14292
14294
14295
14297
14298
14300
14306
14307
14308
14310
14311
14313
14314
14315
14316
14317
14318
14319
14321
14322
14323
14324
14325
14326
14332
14334
14335
14337
14338
14339
14342
14344
14345
14351
14352
14354
14357
14358
14359
14360
14362
14364
14365
14366
14368
14373
14377
14378
14381
14384
14385
14387
14396
14398
14399
14402
14405
14411
14413
14414
14415
14418
14420
14421
14422
14423
14424
14425
14427
14428
14429
14430
14431
14432
14433
14436
14440
14444
14447
14448
14458
14459
14460
14461
14471
14475
14476
14478
14485
14488
14489
14498
14499
14500
14501
14502
14503
14509
14516
14526
14527
14534
14535
14551
14555
14556
14557
14558
14560
14564
14576
14584
14599
14600
14603
14604
14607
14609
14611
14612
14618
14619
14620
14624
14628
14631
14632
14633
14636
14639
14641
14643
14645
14647
14648
14649
14650
14654
14655
14656
14657
14665
14668
14669
14673
14674
14675
14679
14680
14682
14688
14690
14713
14716
14722
14726
14740
14746
14760
14761
14764
14768
14772
14775
14780
14781
14782
14783
14784
14787
14790
14792
14794
14798
14814
14819
14839
14862
14874
14875
14886
14889
14895
14909
14923
14927
14928
14935
14936
14942
14944
14972
14973
14981
14983
14998
14999
15003
15004
15005
15006
15007
15008
15009
15012
15014
15016
15018
15019
15020
15022
15023
15025
15027
15029
15031
15032
15033
15035
15036
15037
15038
15039
15041
15044
15045
15046
15047
15055
15063
15064
15074
15078
15101
15109
15114
15115
15120
15122
15123
15132
15133
15134
15135
15136
15140
15147
15161
15166
15167
15168
15169
15171
15173
15178
15184
15190
15220
15221
15226
15227
15228
15236
15238
15257
15259
15262
15264
15266
15282
15293
15305
15312
15318
15319
15331
15338
15341
15342
15344
15346
15349
15350
15361
15362
15364
15365
15366
15367
15368
15369
15370
15371
15372
15373
15374
15375
15376
15377
15378
15380
15387
15392
15393
15395
15397
15399
15400
15402
15406
15407
15408
15417
15419
15420
15424
15425
15426
15431
15434
15443
15448
15455
15461
15462
15463
15465
15469
15471
15472
15473
15475
15477
15478
15480
15483
15487
15488
15492
15496
15499
15502
15503
15508
15509
15512
15513
15515
15523
15530
15541
15565
15594
15600
15601
15605
15607
15610
15611
15659
15661
15664
15669
15672
15673
15675
15683
15688
15691
15692
15694
15696
15699
15700
15701
15702
15703
15704
15707
15715
15722
15728
15742
15744
15745
15746
15747
15748
15749
15750
15751
15754
15756
15776
15779
15788
15790
15791
15810
15816
15822
15824
15833
15835
15836
15838
15842
15846
15847
15848
15853
15862
15863
15870
15872
15873
15874
15876
15879
15902
15905
15938
15939
15940
15941
15942
15943
15944
15945
15946
15948
15949
15950
15951
15952
15953
15954
15955
15957
15958
15959
15960
15969
15973
15974
15982
15984
15987
15991
16000
16003
16011
16012
16013
16017
16019
16021
16051
16056
16057
16060
16061
16062
16063
16066
16071
16073
16074
16076
16102
16117
16118
16127
16130
16131
16135
16141
16145
16147
16149
16151
16157
16160
16162
16168
16170
16173
16174
16176
16179
16180
16186
16188
16189
16190
16193
16195
16200
16201
16206
16216
16219
16224
16242
16246
16247
16248
16249
16251
16252
16257
16260
16263
16264
16266
16269
16272
16275
16277
16279
16281
16282
16286
16290
16291
16292
16293
16314
16324
16325
16327
16330
16331
16340
16343
16345
16350
16353
16356
16357
16358
16362
16366
16370
16381
16387
16388
16389
16390
16393
16394
16396
16398
16399
16406
16408
16410
16414
16416
16429
16437
16440
16441
16444
16445
16457
16458
16468
16469
16471
16472
16473
16480
16482
16483
16487
16509
16525
16528
16548
16549
16563
16564
16567
16568
16569
16571
16573
16586
16601
16602
16603
16605
16607
16608
16609
16610
16611
16612
16613
16615
16616
16619
16621
16625
16662
16668
16678
16679
16685
16686
16688
16689
16690
16693
16696
16700
16701
16703
16712
16714
16721
16732
16798
16799
16801
16802
16803
16805
16806
16811
16812
16818
16825
16826
16828
16837
16838
16842
16856
16860
16861
16865
16876
16878
16880
16883
16892
16893
16894
16895
16902
16906
16913
16916
16917
16919
16924
16940
16943
16945
16952
16953
16961
16963
16964
16967
16975
16977
16982
16989
16992
16993
16994
16998
17003
17005
17011
17013
17019
17020
17040
17041
17053
17063
17082
17083
17084
17085
17088
17092
17095
17107
17109
17111
17113
17119
17135
17137
17146
17147
17149
17152
17157
17158
17159
17160
17161
17162
17163
17172
17177
17181
17182
17191
17207
17209
17224
17239
17240
17246
17249
17260
17261
17267
17293
17295
17298
17311
17316
17320
17325
17327
17334
17345
17348
17349
17352
17356
17361
17364
17366
17396
17406
17409
17419
17422
17437
17441
17473
17477
17481
17483
17487
17488
17494
17498
17510
17525
17527
17530
17533
17534
17558
17560
17566
17572
17580
17581
17587
17592
17647
17649
17692
17696
17711
17723
17730
17735
17749
17770
17775
17805
17812
17813
17814
17860
17867
17868
17870
17874
17882
17883
17884
17885
17886
17902
17921
17926
17927
17928
17932
17941
17943
17944
17945
17955
17977
17983
17986
17993
17995
17997
17998
18006
18009
18020
18025
18028
18040
18042
18043
18064
18071
18073
18082
18087
18090
18091
18092
18093
18094
18136
18146
18147
18148
18157
18158
18159
18180
18188
18189
18192
18194
18197
18212
18216
18225
18226
18263
18264
18265
18266
18268
18274
18275
18276
18277
18279
18280
18281
18289
18290
18294
18301
18305
18306
18309
18311
18313
18339
18340
18364
18365
18367
18370
18372
18373
18376
18385
18389
18390
18393
18396
18397
18412
18414
18415
18416
18422
18426
18431
18432
18450
18452
18454
18455
18463
18464
18470
18474
18475
18477
18478
18479
18480
18503
18505
18506
18507
18508
18510
18512
18516
18518
18521
18523
18525
18538
18541
18552
18563
18570
18572
18580
18581
18586
18587
18588
18589
18591
18592
18593
18594
18595
18597
18598
18599
18600
18607
18608
18610
18612
18613
18614
18620
18622
18623
18625
18626
18631
18632
18635
18637
18638
18641
18643
18644
18645
18648
18649
18650
18653
18657
18666
18673
18674
18685
18711
18725
18728
18730
18733
18739
18750
18755
18756
18760
18762
18763
18769
18770
18772
18774
18775
18776
18780
18806
18814
18815
18816
18818
18819
18829
18841
18848
18851
18855
18856
18862
18868
18870
18871
18872
18873
18882
18886
18887
18896
18899
18902
18906
18920
18928
18929
18932
18933
18944
18947
18951
18954
18955
18961
18963
18967
18970
18977
18981
18982
18984
18985
18986
18987
18988
18990
18991
18992
18993
18995
19001
19002
19006
19007
19013
19026
19027
19029
19030
19031
19032
19033
19034
19035
19036
19037
19038
19039
19040
19041
19042
19046
19047
19048
19049
19058
19061
19074
19076
19079
19080
19082
19083
19084
19086
19089
19092
19094
19098
19105
19106
19107
19108
19109
19110
19111
19112
19113
19114
19115
19116
19118
19122
19124
19138
19143
19145
19146
19154
19155
19156
19157
19158
19161
19162
19164
19165
19166
19167
19168
19170
19171
19172
19173
19174
19175
19176
19177
19178
19185
19186
19187
19189
19190
19191
19192
19194
19195
19197
19198
19199
19200
19201
19205
19206
19207
19208
19209
19210
19211
19213
19214
19218
19220
19226
19227
19228
19229
19230
19235
19238
19240
19241
19254
19255
19261
19265
19266
19271
19272
19274
19281
19286
19288
19290
19291
19292
19297
19302
19303
19304
19305
19306
19307
19308
19309
19318
19322
19332
19334
19335
19340
19341
19344
19360
19361
19367
19368
19369
19370
19371
19373
19374
19375
19376
19380
19404
19405
19407
19417
19420
19421
19425
19429
19432
19434
19435
19437
19438
19446
19450
19455
19456
19459
19460
19465
19473
19478
19479
19485
19487
19490
19491
19492
19493
19495
19496
19497
19498
19500
19501
19502
19503
19519
19566
19574
19579
19580
19582
19585
19589
19590
19591
19593
19597
19598
19609
19611
19613
19616
19618
19623
19627
19632
19634
19639
19640
19641
19669
19689
19699
19718
19760
19761
19762
19764
19766
19776
19778
19779
19780
19781
19782
19783
19784
19785
19787
19788
19789
19790
19793
19798
19799
19801
19802
19803
19805
19807
19811
19815
19819
19822
19827
19828
19829
19830
19832
19835
19836
19837
19838
19839
19841
19842
19843
19844
19845
19850
19852
19853
19854
19855
19856
19859
19860
19862
19863
19866
19867
19868
19871
19872
19874
19875
19878
19879
19888
19892
19896
19903
19907
19912
19929
19935
19939
19941
19942
19953
19956
19958
19959
19962
19964
19966
19968
19972
19974
19975
19976
19977
19980
19981
19982
19983
19984
19985
19986
19987
19988
19989
19991
19999
20002
20006
20007
20008
20009
20011
20014
20016
20017
20018
20019
20020
20022
20025
20030
20031
20033
20036
20046
20049
20058
20060
20062
20078
20079
20087
20089
20094
20096
20098
20108
20109
20110
20112
20113
20114
20115
20119
20120
20121
20122
20123
20126
20127
20128
20129
20130
20131
20134
20135
20137
20139
20140
20141
20157
20158
20162
20166
20167
20168
20169
20173
20176
20177
20179
20180
20182
20190
20195
20197
20198
20200
20203
20204
20208
20211
20219
20220
20227
20232
20243
20247
20255
20256
20258
20265
20268
20277
20280
20285
20286
20287
20289
20299
20304
20319
20323
20330
20335
20349
20351
20357
20362
20363
20368
20370
20391
20392
20393
20400
20404
20405
20407
20409
20413
20414
20416
20417
20420
20428
20440
20442
20447
20449
20450
20457
20458
20459
20460
20461
20462
20463
20464
20465
20466
20467
20468
20469
20472
20475
20477
20487
20489
20490
20495
20498
20502
20513
20514
20527
20535
20536
20538
20549
20553
20566
20574
20582
20589
20590
20594
20602
20603
20606
20607
20609
20610
20611
20612
20627
20630
20631
20632
20683
20685
20698
20712
20731
20737
20742
20780
20816
20825
20826
20830
20847
20848
20856
20860
20868
20875
20899
20906
20925
20926
20936
20938
20939
20941
20943
20955
20956
20957
20960
20965
20966
20967
20968
20969
20970
20971
20972
20973
20974
20975
20976
20977
20978
20979
20980
20986
20991
20999
21002
21010
21014
21015
21020
21024
21038
21039
21041
21042
21043
21061
21062
21069
21070
21087
21088
21094
21097
21100
21102
21104
21110
21112
21116
21117
21118
21129
21133
21138
21145
21154
21155
21157
21159
21160
21165
21170
21172
21173
21174
21175
21176
21177
21178
21179
21180
21181
21182
21184
21185
21187
21189
21191
21192
21193
21194
21195
21199
21200
21201
21205
21206
21208
21210
21214
21217
21219
21224
21226
21227
21229
21231
21239
21242
21244
21250
21266
21267
21284
21285
21289
21292
21294
21296
21300
21304
21312
21317
21326
21337
21342
21345
21347
21350
21352
21356
21358
21359
21362
21366
21367
21368
21370
21371
21373
21381
21382
21383
21386
21388
21389
21390
21391
21392
21393
21395
21396
21397
21398
21399
21401
21402
21403
21405
21406
21407
21408
21409
21410
21411
21412
21413
21415
21416
21417
21418
21419
21420
21421
21422
21423
21424
21425
21426
21427
21429
21432
21436
21437
21439
21440
21444
21445
21460
21461
21462
21463
21469
21472
21478
21485
21489
21502
21504
21505
21507
21509
21511
21512
21529
21532
21533
21534
21537
21544
21549
21550
21553
21586
21598
21604
21605
21613
21620
21624
21625
21629
21630
21631
21638
21639
21643
21644
21657
21659
21667
21671
21674
21676
21680
21681
21684
21688
21692
21699
21761
21763
21767
21790
21794
21796
21797
21799
21803
21804
21818
21822
21824
21825
21830
21835
21838
21839
21840
21846
21847
21849
21850
21851
21852
21854
21855
21864
21865
21866
21867
21875
21876
21878
21881
21882
21884
21887
21888
21889
21890
21891
21892
21893
21896
21899
21900
21901
21903
21905
21911
21913
21916
21925
21928
21929
21938
21944
21948
21956
21957
21958
21960
21965
21969
21970
21971
21972
21973
21974
21975
21976
21977
21978
21982
21990
21991
21992
21993
21996
21998
22000
22002
22003
22019
22026
22035
22037
22041
22047
22050
22051
22052
22054
22055
22056
22057
22060
22062
22063
22066
22071
22072
22074
22075
22076
22077
22080
22081
22082
22084
22085
22086
22087
22089
22090
22091
22093
22094
22095
22096
22097
22098
22099
22101
22103
22104
22105
22138
22144
22146
22148
22149
22165
22173
22177
22179
22180
22182
22188
22197
22198
22216
22228
22237
22241
22242
22254
22255
22260
22263
22284
22285
22286
22287
22290
22293
22294
22296
22298
22299
22300
22301
22302
22303
22304
22305
22306
22307
22308
22311
22312
22313
22315
22316
22318
22323
22328
22330
22333
22334
22340
22341
22342
22343
22345
22346
22347
22348
22354
22357
22360
22363
22366
22370
22374
22375
22379
22380
22388
22390
22413
22415
22422
22425
22429
22430
22431
22434
22437
22438
22439
22440
22443
22444
22449
22450
22461
22478
22485
22498
22505
22508
22509
22510
22511
22512
22516
22525
22526
22527
22529
22530
22536
22543
22553
22554
22558
22560
22573
22574
22575
22576
22577
22579
22582
22584
22585
22587
22591
22592
22593
22594
22597
22601
22605
22606
22611
22616
22620
22626
22630
22635
22639
22640
22642
22644
22645
22646
22648
22649
22650
22651
22652
22656
22661
22663
22665
22667
22669
22674
22689
22693
22697
22698
22700
22703
22704
22708
22709
22710
22711
22713
22717
22720
22722
22723
22728
22736
22737
22741
22742
22743
22744
22745
22747
22748
22750
22751
22752
22758
22760
22761
22762
22763
22764
22765
22766
22767
22769
22771
22772
22773
22774
22775
22780
22781
22782
22786
22787
22788
22796
22797
22799
22802
22803
22813
22819
22821
22822
22828
22841
22842
22843
22844
22845
22846
22847
22848
22850
22851
22854
