59
61
62
64
165
304
318
337
338
343
347
349
363
367
368
369
373
389
539
544
547
552
561
565
568
569
572
575
591
592
611
615
624
635
812
831
838
856
862
866
867
868
963
964
966
983
989
991
1009
1018
1022
1023
1034
1079
1080
1083
1103
1107
1108
1110
1117
1122
1124
1127
1131
1138
1304
1327
1334
1346
1373
1548
1549
1550
1553
1570
1641
1646
1656
1671
1680
1688
1704
1727
1826
1842
1859
1874
1927
1935
1942
1950
1962
1972
1984
1995
2009
2014
2073
2083
2090
2112
2135
2145
2155
2166
2183
2196
2211
2225
2238
2253
2256
2260
2264
2268
2272
2275
2278
2281
2284
2287
2291
2295
2299
2303
2307
2311
2315
2319
2323
2327
2331
2335
2339
2343
2354
2364
2374
2384
2397
2407
2424
2444
2464
2474
2484
2504
2524
2533
2543
2563
2573
2586
2596
2604
2614
2639
2649
2659
2669
2679
2784
2785
2840
2843
2857
2868
2884
2901
2909
2926
2936
2944
2954
2972
2975
2978
2983
2989
2993
2998
3002
3006
3009
3013
3018
3022
3026
3030
3034
3038
3042
3046
3049
3053
3057
3061
3065
3069
3073
3077
3081
3085
3089
3093
3097
3110
3124
3132
3167
3170
3171
3173
3208
3278
3280
3289
3330
3353
3358
3359
3360
3364
3365
3367
3373
3379
3386
3388
3394
3405
3409
3415
3531
3603
3627
3650
3654
3727
3745
3754
3765
3766
3767
3769
3770
3791
3797
3800
3801
3951
3964
3989
4072
4074
4078
4081
4096
4098
4099
4104
4118
4187
4318
4326
4329
4367
4406
4444
4445
4448
4455
4456
4477
4480
4536
4577
4584
4592
4732
4745
4753
4761
4762
4783
4784
4835
4849
4871
4883
4898
4900
4905
4910
4915
4920
4989
5004
5015
5021
5024
5025
5027
5031
5125
5132
5134
5135
5141
5212
5239
5266
5269
5271
5272
5277
5352
5354
5355
5356
5357
5358
5371
5374
5376
5381
5384
5385
5565
5577
5616
5708
5709
5731
5732
5733
5738
5744
5745
5746
5747
5749
5751
5752
5753
5757
5760
5763
5764
5771
5773
5776
5788
5791
5792
5794
5800
5807
5812
5817
5818
5822
5825
5826
5827
5830
5832
5833
5838
5839
5865
5866
5872
5882
5886
5986
5988
5989
5990
5991
5993
5995
5996
6002
6084
6085
6086
6097
6110
6115
6323
6338
6481
6482
6483
6504
6505
6511
6512
6515
6519
6531
6535
6539
6549
6553
6566
6583
6598
6619
6633
6638
6643
6647
6653
6656
6672
6678
6682
6693
6696
6818
6921
6922
6948
6951
6952
6954
6955
6959
6960
7018
7021
7026
7030
7031
7043
7044
7067
7075
7086
7177
7179
7311
7315
7319
7323
7339
7350
7468
7516
7529
7541
7545
7558
7565
7571
7575
7584
7604
7608
7618
7622
7642
7647
7654
7656
7659
7808
7849
7850
7851
7853
7854
7856
7859
7861
7862
7865
7873
7875
7883
7889
7891
7898
7899
7900
7924
7935
7951
7969
8054
8174
8177
8208
8213
8215
8220
8227
8228
8287
8298
8319
8325
8326
8327
8330
8339
8342
8346
8350
8351
8356
8360
8364
8365
8371
8372
8373
8440
8442
8528
8648
8651
8653
8659
8660
8661
8667
8669
8670
8688
8690
8693
8694
8696
8700
8709
8747
8776
8779
8780
8781
8802
8803
8813
8828
8830
8855
8919
8922
8926
8944
9039
9040
9041
9050
9052
9053
9063
9064
9069
9085
9095
9282
9411
9415
9418
9422
9425
9437
9461
9483
9516
9531
9555
9559
9642
9660
9671
9673
9677
9679
9680
9703
9719
9730
9746
9748
9752
9757
9762
9766
9775
9794
9800
9804
9811
9814
9818
9819
9821
9822
9823
9827
9843
9844
9849
9944
9945
9971
9973
10044
10046
10052
10058
10059
10063
10070
10072
10073
10075
10080
10096
10100
10374
10376
10511
10515
10517
10521
10528
10530
10534
10541
10555
10566
10583
10605
10688
10795
10801
10812
10853
10859
10869
10877
10889
10903
10947
10962
10972
10975
10979
10983
10988
10992
10996
11006
11019
11136
11202
11377
11378
11399
11403
11406
11423
11437
11507
11520
11535
11537
11541
11545
11550
11555
11559
11564
11585
11586
11588
11591
11744
11746
11747
11748
11749
11750
11763
11764
11770
11771
11773
11774
11783
11786
11788
11790
11794
11799
11801
11804
11805
11808
11810
11816
11820
11822
11827
11829
11830
11833
11834
11844
11849
11856
11857
11860
11870
11872
11873
11874
11875
11876
11877
11878
11882
11886
11887
11888
11890
11892
11894
11895
11896
11897
11899
11900
11919
11974
11983
11984
11987
12053
12072
12074
12075
12076
12078
12090
12092
12095
12096
12097
12103
12107
12152
12267
12295
12297
12402
12404
12409
12423
12433
12437
12438
12440
12442
12443
12444
12446
12449
12450
12455
12458
12459
12461
12471
12568
12642
12643
12669
12822
12829
12852
12857
12864
12865
12871
12873
12874
12879
12890
12900
12917
12925
12950
12959
13003
13080
13099
13102
13110
13116
13117
13118
13121
13124
13129
13138
13143
13144
13154
13155
13156
13159
13245
13249
13250
13280
13341
13349
13352
13377
13388
13390
13391
13392
13394
13399
13403
13404
13416
13422
13423
13430
13449
13472
13643
13699
13713
13723
13896
13917
13920
13925
13926
13927
13928
13933
13937
13943
13944
13947
13950
13953
14009
14016
14030
14059
14094
14095
14120
14123
14131
14132
14133
14136
14138
14147
14155
14173
14202
14203
14205
14208
14211
14216
14218
14223
14250
14335
14337
14341
14343
14344
14345
14349
14353
14354
14355
14409
14433
14436
14437
14438
14651
14693
14726
14727
14732
14733
14738
14740
14746
14748
14749
14751
14756
14759
14761
14764
14777
14779
14780
14781
14784
14787
14799
14883
14890
14900
14901
14909
14910
14911
14912
14913
14914
14917
15008
15036
15039
15045
15046
15047
15057
15097
15145
15385
15388
15389
15391
15392
15412
15413
15414
15418
15420
15425
15427
15436
15437
15442
15445
15447
15462
15481
15489
15490
15492
15614
15678
15769
15791
15796
15802
15807
15820
15866
15869
15913
15915
15921
15924
15928
15937
15938
15944
15947
16000
16001
16013
16135
16146
16148
16154
16157
16169
16261
16380
16402
16403
16406
16409
16414
16422
16423
16425
16427
16434
16436
16445
16462
16477
16479
16482
16505
16520
16534
16550
16596
16608
16632
16636
16640
16644
16658
16661
16737
16811
16812
16835
16836
16840
16841
16842
16846
16847
16861
16864
16865
16866
16870
16964
16969
16970
16973
17055
17057
17091
17092
17094
17097
17100
17101
17103
17107
17124
17134
17142
17274
17276
17310
17320
17331
17332
17336
17349
17351
17366
17379
17383
17390
17531
17570
17580
17581
17586
17589
17603
17623
17627
17628
17660
17893
17900
17901
17904
17906
17910
17921
17923
17929
17955
17970
17986
17993
17998
18116
18117
18120
18130
18131
18133
18225
18228
18236
18287
18289
18290
18300
18301
18311
18316
18317
18320
18323
18332
18333
18441
18470
18609
18614
18620
18663
18763
18810
18934
18955
18956
18957
18958
18959
18975
18977
18978
18982
18987
18989
18992
18993
18994
18995
18999
19004
19015
19091
19095
19098
19143
19144
19145
19148
19151
19157
19158
19160
19164
19172
19173
19174
19180
19190
19194
19200
19201
19222
19327
19338
19340
19342
19344
19353
19355
19358
19359
19367
19369
19374
19375
19381
19385
19400
19468
19483
19484
19485
19486
19491
19492
19579
19580
19589
19612
19619
19620
19622
19627
19629
19630
19631
19633
19634
19640
19641
19642
19649
19650
19652
19654
19656
19658
19659
19661
19671
19691
19804
19813
19822
19823
19830
19832
19834
19835
19843
19846
19852
19860
19861
19863
19865
19882
20065
20090
20156
20166
20179
20228
20229
20230
20232
20298
20299
20302
20319
20325
20329
20332
20334
20338
20340
20350
20351
20371
20384
20401
20417
20428
20434
20440
20472
20489
20502
20590
20592
20596
20600
20604
20608
20612
20618
20634
20637
20663
20668
20670
20674
20675
20676
20774
20798
20804
20805
20814
20815
20816
20817
20829
20833
20876
20892
20893
20896
20901
20908
20952
21024
21028
21030
21036
21045
21046
21047
21051
21056
21068
21147
21150
21153
21168
21217
21218
21232
21233
21234
21235
21241
21247
21257
21258
21273
21277
21291
21308
21593
21598
21601
21606
21659
21732
21815
21840
21842
21844
21848
21849
21851
21852
21853
21854
21857
21858
21865
21867
21873
21877
21887
21889
22027
22153
22156
22157
22158
22159
22160
22161
22209
22210
22212
22219
22226
22228
22229
22232
22236
22240
22241
22283
22296
22307
22318
22337
22354
22357
22358
22382
22384
22394
22399
22402
22403
22404
22414
22415
22419
22420
22423
22426
22427
22429
22432
22438
22439
22446
22449
22452
22454
22455
22457
22462
22471
22472
22481
22494
22501
22504
22505
22597
22598
22600
22602
22611
22612
22617
22619
22620
22621
22627
22628
22630
22633
22636
22637
22641
22643
22644
22646
22659
22662
22663
22674
22690
22735
22756
22871
22872
22873
22877
22878
22880
22894
22895
22898
22900
22903
22909
22911
22912
22917
22926
22966
23000
23246
23248
23249
23251
23288
23294
23296
23304
23306
23309
23310
23312
23323
23327
23339
23341
23342
23352
23356
23361
23362
23378
23386
23387
23439
23457
23532
23557
23582
23598
23617
23632
23644
23663
23685
23704
23724
23728
23732
23736
23740
23745
23749
23754
23759
23763
23767
23772
23775
23809
23845
23864
23882
23904
23928
23938
23951
23970
23991
24010
24048
24097
24114
24128
24145
24165
24204
24225
24227
24237
24241
24245
24249
24253
24259
24263
24267
24271
24275
24279
24283
24356
24363
24365
24399
24405
24423
24430
24459
24474
24526
24529
24535
24557
24568
24584
24585
24586
24587
24589
24593
24595
24597
24599
24605
24607
24619
24625
24627
24629
24632
24723
24724
24725
24726
24750
24755
24758
24762
24775
24778
24779
24809
24913
25032
25040
25083
25131
25178
25179
25219
25221
25222
25224
25226
25227
25228
25301
25340
25360
25374
25387
25400
25468
25488
25501
25515
25528
25554
25567
25580
25608
25625
25633
25641
25682
25699
25716
25745
25750
25754
25758
25764
25767
25771
25775
25779
25783
25787
25791
25795
25799
25803
25807
25811
25817
25821
25825
25833
25938
25978
25980
25981
26020
26028
26054
26066
26074
26088
26095
26097
26102
26120
26121
26125
26128
26214
26215
26236
26264
26265
26266
26268
26269
26270
26271
26275
26278
26286
26287
26288
26293
26295
26297
26298
26299
26300
26328
26348
26570
26663
26666
26667
26694
26701
26703
26710
26712
26721
26725
26749
26750
26752
26784
26789
26793
26901
26915
26930
26965
26977
26993
27120
27123
27126
27130
27134
27138
27142
27146
27150
27154
27160
27166
27169
27207
27317
27421
27430
27433
27435
27455
27462
27464
27468
27470
27471
27474
27483
27490
27491
27496
27532
27551
27558
27652
27655
27656
27677
27680
27683
27685
27843
27990
27993
27995
27996
27997
27999
28075
28077
28081
28083
28092
28096
28097
28099
28103
28104
28105
28106
28108
28118
28122
28129
28134
28141
28144
28146
28147
28148
28152
28155
28164
28165
28168
28177
28180
28182
28185
28191
28192
28195
28198
28202
28204
28219
28220
28223
28228
28231
28232
28242
28244
28245
28246
28248
28250
28255
28266
28268
28269
28270
28272
28273
28274
28276
28280
28287
28288
28289
28291
28310
28312
28314
28320
28323
28327
28328
28338
28339
28341
28342
28343
28348
28351
28364
28397
28398
28400
28401
28402
28404
28405
28621
28626
28628
28630
28632
28633
28636
28638
28640
28641
28663
28665
28666
28669
28670
28671
28673
28675
28677
28681
28721
28723
28724
28725
28727
28728
28736
28739
28740
28745
28749
28750
28752
28754
28755
28763
28766
28768
28774
28776
28784
28796
28798
28799
28801
28805
28810
28811
28812
28814
28950
28968
29060
29065
29066
29068
29069
29070
29072
29081
29088
29090
29093
29094
29107
29108
29110
29118
29125
29127
29278
29287
29294
29321
29322
29326
29338
29339
29348
29349
29353
29363
29374
29379
29381
29382
29383
29402
29403
29416
29552
29571
29588
29692
29698
29699
29700
29701
29716
29723
29724
29725
29731
29733
29734
29738
29757
29834
29888
29893
29941
29972
29973
29974
29978
29979
29980
29981
29983
29985
29991
29993
29994
30005
30007
30008
30018
30021
30059
30147
30149
30150
30188
30197
30207
30208
30214
30215
30222
30227
30248
30250
30258
30474
30494
30501
30502
30510
30512
30516
30518
30520
30521
30524
30650
30654
30656
30657
30658
30660
30698
30699
30700
30701
30703
30704
30705
30706
30708
30710
30711
30712
30713
30732
30733
30734
30735
30736
30737
30740
30743
30745
30746
30747
30754
30758
30761
30762
30776
30780
30791
30971
30975
31032
31037
31051
31066
31078
31090
31101
31114
31126
31140
31147
31152
31166
31180
31192
31205
31217
31228
31240
31254
31269
31276
31288
31290
31294
31298
31302
31306
31310
31314
31318
31324
31338
31492
31508
31518
31529
31542
31554
31566
31578
31590
31602
31615
31628
31638
31664
31665
31669
31673
31679
31685
31686
31693
31695
31729
31736
31754
31768
31782
31793
31805
31811
31830
31840
31854
31869
31884
31897
31910
31927
32032
32057
32070
32084
32092
32105
32129
32135
32145
32159
32171
32182
32194
32206
32298
32308
32324
32326
32330
32334
32338
32342
32346
32350
32354
32358
32362
32366
32370
32374
32385
32390
32394
32398
32402
32406
32410
32413
32417
32421
32425
32578
32594
32604
32617
32629
32643
32654
32667
32675
32683
32699
32715
32729
32743
32757
32773
32783
32793
32804
32818
32830
32842
32860
32870
32883
32898
32909
32919
32929
32939
32965
32967
32971
32975
32979
32983
32987
32991
32995
32999
33003
33007
33011
33015
33177
33181
33182
33183
33187
33189
33195
33200
33211
33282
33314
33330
33344
33359
33374
33388
33403
33418
33438
33450
33463
33475
33482
33504
33521
33541
33565
33581
33593
33607
33626
33639
33666
33678
33693
33704
33713
33727
33741
33752
33770
33781
33793
33844
33848
33852
33856
33865
33869
33873
33878
33882
33886
33890
33894
33898
33902
33906
33912
33916
33920
33925
33929
33934
33938
33942
33946
33950
33954
33958
33962
33966
33970
33974
34078
34079
34090
34096
34099
34134
34147
34160
34175
34184
34197
34210
34229
34242
34258
34271
34292
34308
34310
34314
34319
34323
34327
34331
34335
34339
34343
34349
34358
34373
34382
34404
34424
34425
34428
34431
34438
34439
34443
34444
34454
34593
34641
34686
34788
34794
34795
34916
35025
35046
35052
35109
35121
35128
35132
35148
35163
35168
35169
35170
35172
35173
35175
35191
35192
35359
35375
35378
35407
35490
35508
35509
35512
35519
35522
35523
35525
35526
35532
35535
35538
35561
35569
35571
35574
35575
35577
35579
35582
35583
35584
35586
35591
35592
35601
35602
35603
35609
35610
35614
35618
35620
35621
35622
35625
35627
35630
35633
35635
35641
35642
35645
35650
35652
35654
35655
35659
35660
35663
35668
35670
35672
35682
35684
35694
35731
35738
35739
35740
35744
35758
35759
35760
35761
35762
35763
35766
35771
35772
35774
35775
35778
35879
35880
35881
35882
35900
35904
35905
35913
35915
35919
35924
35931
36063
36064
36069
36070
36071
36073
36075
36076
36190
36192
36217
36218
36221
36228
36298
36299
36300
36302
36321
36322
36323
36326
36330
36331
36335
36336
36491
36507
36521
36531
36543
36558
36575
36588
36604
36620
36636
36660
36672
36684
36700
36712
36722
36746
36786
36838
36840
36846
36874
36890
36892
36894
36895
36896
36898
36899
36902
36905
36912
36914
36916
36922
36930
36987
36998
37010
37027
37038
37040
37045
37049
37054
37058
37063
37067
37072
37076
37081
37085
37089
37094
37098
37102
37107
37111
37115
37242
37252
37263
37278
37291
37317
37342
37346
37350
37361
37365
37369
37373
37377
37381
37387
37403
37412
37417
37530
37550
37551
37554
37555
37560
37566
37599
37600
37760
37761
37763
37790
37793
37797
37798
37802
37803
37811
37813
37815
37818
37826
37827
37828
37829
38041
38074
38477
38480
38493
38497
38499
38501
38503
38509
38510
38513
38514
38515
38518
38520
38526
38532
38568
38620
38633
38652
38672
38683
38698
38708
38719
38730
38741
38751
38763
38778
38795
38801
38813
38823
38834
38847
38857
38872
38884
38896
38906
38918
38930
38940
38950
38960
39046
39049
39054
39059
39063
39067
39071
39075
39079
39083
39099
39110
39120
39132
39142
39153
39163
39175
39189
39201
39211
39225
39235
39247
39257
39424
39434
39447
39457
39471
39485
39495
39516
39530
39542
39554
39558
39562
39567
39570
39573
39577
39581
39585
39589
39594
39598
39602
39606
39610
39622
39636
39646
39657
39667
39679
39810
39814
39831
39832
39838
39843
39847
39854
39858
39861
39863
39869
39884
39897
39908
39919
39929
39941
39943
39948
39955
39972
39976
39977
39979
39982
39986
39987
39989
39990
39991
39995
40001
40002
40003
40008
40009
40073
40077
40078
40080
40087
40101
40108
40115
40157
40191
40203
40217
40231
40244
40257
40268
40274
40300
40313
40388
40426
40427
40428
40435
40437
40447
40449
40460
40497
40508
40513
40515
40516
40521
40559
40572
40577
40581
40585
40591
40775
40792
40802
40814
40826
40838
40848
40862
40876
40891
40901
40928
40984
40996
41008
41045
41057
41070
41081
41094
41120
41122
41126
41130
41135
41139
41143
41147
41152
41156
41160
41164
41168
41177
41305
41328
41334
41337
41397
41410
41424
41435
41450
41467
41482
41502
41508
41525
41542
41552
41559
41573
41591
41602
41619
41633
41649
41659
41676
41691
41707
41719
41732
41751
41761
41775
41778
41783
41787
41791
41795
41799
41803
41807
41812
41816
41820
41832
41843
41855
41867
41891
41914
41931
41948
41962
41973
41986
41996
42012
42024
42030
42044
42056
42068
42091
42102
42114
42126
42144
42156
42171
42183
42196
42210
42229
42241
42253
42261
42289
42306
42308
42312
42317
42322
42326
42330
42338
42349
42350
42455
42485
42493
42498
42511
42532
42546
42559
42570
42572
42577
42588
42601
43229
43248
43249
43251
43252
43253
43255
43259
43262
43264
43265
43266
43273
43274
43276
43277
43283
43293
43296
43298
43307
43308
43424
43447
43449
43520
43522
43534
43545
43577
43653
43666
43679
43690
43706
43712
43718
43724
43730
43736
43748
43763
43775
43788
43804
43816
43839
43853
43863
43874
43889
43905
43911
43917
43933
43955
43969
44017
44019
44023
44027
44031
44035
44039
44043
44047
44051
44235
44238
44239
44243
44245
44248
44251
44252
44253
44254
44256
44257
44260
44272
44286
44298
44304
44315
44326
44338
44350
44364
44380
44388
44393
44407
44419
44431
44444
44453
44648
44659
44680
44693
44699
44710
44720
44732
44744
44756
44768
44779
44785
44799
44814
44824
44834
44844
44854
44866
44877
44889
44901
44919
44921
44922
44923
44926
44927
44931
44934
44936
44944
44948
44988
44992
44996
45000
45005
45009
45013
45017
45021
45027
45031
45035
45039
45043
45047
45062
45068
45101
45241
45245
45306
45307
45309
45312
45314
45315
45316
45317
45321
45322
45323
45325
45326
45327
45329
45333
45340
45372
45424
45425
45434
45435
45436
45437
45438
45441
45442
45443
45447
45449
45452
45455
45457
45460
45465
45468
45477
45480
45658
45661
45665
45666
45670
45725
45748
45756
45761
45762
45763
45765
45767
45778
45781
45787
45791
45794
45799
45801
45804
45805
45810
45811
45823
45833
45837
45842
45843
45847
45971
45984
46000
46155
46157
46183
46185
46187
46190
46192
46194
46195
46196
46197
46198
46202
46204
46209
46210
46213
46216
46230
46248
46251
46266
46276
46286
46287
46288
46295
46327
46335
46344
46350
46356
46364
46378
46396
46411
46430
46438
46444
46518
46521
46526
46530
46535
46539
46544
46554
46573
46579
46722
46725
46727
46730
46734
46736
46737
46738
46741
46744
46745
46746
46748
46754
46828
46829
46830
46831
46832
46834
46837
46838
46841
46843
46845
46855
46856
46867
46868
46870
46873
46875
46954
47087
47091
47098
47099
47105
47106
47107
47109
47110
47131
47150
47156
47247
47253
47365
47378
47386
47388
47390
47391
47392
47401
47407
47416
47426
47427
47435
47441
47452
47462
47465
47473
47475
47477
47481
47608
47619
47630
47640
47653
47668
47677
47693
47708
47734
47738
47743
47757
47854
47916
48045
48046
48058
48059
48069
48076
48130
48131
48149
48151
48152
48155
48161
48239
48286
48291
48293
48295
48300
48305
48306
48308
48310
48578
48592
48608
48659
48660
48671
48674
48678
48679
48680
48686
48689
48690
48694
48698
48711
48728
48730
48733
48743
48749
48758
48759
48763
48835
48856
48908
48915
48917
48974
48985
48989
48990
48993
48998
48999
49000
49002
49011
49014
49017
49036
49038
49043
49044
49063
49074
49087
49089
49091
49096
49101
49251
49264
49275
49390
49398
49452
49495
49570
49597
49598
49600
49604
49605
49608
49610
49611
49614
49616
49618
49620
49636
49638
49684
49757
49764
49807
49962
50012
50019
50023
50025
50030
50037
50144
50149
50155
50158
50159
50169
50170
50171
50172
50177
50302
50353
50389
50391
50395
50396
50397
50398
50399
50403
50404
50406
50410
50411
50414
50423
