3
4
10
171
219
493
608
708
753
763
977
1103
1226
1358
1729
2012
2041
2139
2661
2699
2744
2747
2783
3211
3388
3449
3482
3504
3554
3615
3735
3767
3778
3783
3808
3863
3866
3915
3956
4032
4045
4057
4150
4156
4159
4176
4191
4593
4725
5059
5165
5429
5441
5468
5711
5896
6555
6557
6559
6614
6783
6819
6820
6976
6977
6982
7007
7071
7224
7324
7595
8081
8171
8248
8372
8451
8521
8522
9027
9199
9498
10021
10042
10309
10596
10751
11298
12086
12452
12751
13193
13312
13570
13755
13756
13762
13773
13774
13911
13980
14024
14093
14120
15202
15637
15644
15652
17106
17121
17250
17768
17880
17912
18077
18679
18823
18830
18875
20106
20107
20201
20365
20865
20996
21570
21571
21915
22795
