22
26
122
126
280
360
530
589
1266
2416
3054
3314
3366
3384
3389
3485
3511
3527
3667
3678
3829
3964
3966
4014
4028
4040
4128
4174
4288
4296
4392
4728
4759
4821
4875
4922
4931
4969
5233
5238
5256
5297
5341
5372
5404
5442
5445
5449
5581
5597
5628
5645
5653
5763
5979
6073
6141
6288
6385
6427
6526
6638
6640
6830
6896
6954
7034
7073
7104
7301
7333
7487
7489
7522
7533
7550
7629
7779
7987
8008
8065
8125
8168
8245
8293
8449
8564
8713
8745
8804
8818
8902
9229
9300
9364
9382
9436
9443
9604
9717
9825
9868
9945
9999
10170
10299
10300
10419
10540
10898
10941
10942
11041
11403
11428
11480
11556
11601
12059
12088
12210
12449
12487
12635
12641
12665
12668
12672
12676
12688
12691
12695
12703
12717
12722
12737
12755
12763
12766
12767
12768
12773
12774
12776
12783
12791
12798
12802
12804
12805
12807
12826
12827
12836
12847
12848
12851
12860
12862
12866
12870
12871
12873
12876
12885
12909
12917
12926
12933
12942
12951
12952
12954
