54
121
385
684
789
951
1432
1535
2066
2152
2180
2205
2238
2273
2275
2280
2342
2344
2345
2349
2354
2364
2378
2391
2407
2418
2452
2466
2469
3047
3095
3109
3114
3116
3155
3184
3193
3195
3198
3214
3223
3267
3284
3296
3335
3392
3420
3443
3444
3474
3483
3489
3505
3526
3534
3537
3580
3594
3626
3648
3684
3705
3706
3718
3782
3800
3828
3839
3853
3884
3937
3978
4159
4196
4213
4249
4258
4332
4333
4344
4365
4368
4417
4423
4439
4447
4488
4491
4573
4584
4641
4642
4681
4691
4697
4699
4743
4745
4803
4830
4835
4839
4865
4921
4939
4944
4948
4951
5001
5014
5036
5053
5097
5100
5107
5148
5178
5274
5292
5321
5335
5343
5373
5397
5403
5405
5409
5415
5434
5459
5468
5483
5497
5499
5539
5555
5556
5588
5606
5650
5655
5688
5699
5712
5714
5731
5754
5759
5776
5782
5783
5793
5797
5858
5859
5900
5906
5908
5913
5939
5997
6000
6062
6063
6064
6065
6090
6126
6158
6162
6172
6173
6182
6184
6187
6236
6237
6274
6296
6341
6343
6388
6417
6425
6465
6474
6475
6480
6519
6530
6538
6560
6568
6576
6589
6600
6621
6622
6628
6631
6651
6676
6681
6686
6786
6787
6795
6817
6848
6868
6931
6955
6961
7018
7019
7020
7057
7063
7085
7102
7130
7143
7164
7183
7192
7226
7235
7263
7274
7277
7357
7378
7379
7400
7423
7445
7450
7467
7488
7520
7534
7564
7633
7636
7695
7699
7749
7776
7797
7869
7871
7889
7891
7931
8075
8088
8129
8156
8170
8184
8241
8299
8324
8325
8383
8384
8392
8424
8428
8447
8469
8511
8513
8519
8541
8553
8587
8671
8720
8782
8789
8880
8882
8891
8906
8916
8920
8961
8977
8981
9007
9017
9042
9055
9067
9119
9149
9165
9171
9175
9185
9194
9213
9254
9281
9290
9295
9299
9339
9365
9390
9406
9441
9445
9448
9449
9452
9534
9537
9572
9591
9600
9634
9644
9675
9678
9700
9731
9736
9806
9846
9859
9896
9918
9919
9922
9924
9944
9992
10004
10026
10056
10066
10076
10078
10090
10188
10190
10220
10223
10237
10238
10252
10269
10272
10273
10296
10327
10340
10369
10387
10404
10448
10506
10530
10554
10578
10582
10631
10633
10645
10713
10736
10740
10756
10767
10786
10828
10839
10872
10912
10920
10992
10993
10994
11024
11043
11045
11121
11132
11141
11145
11181
11241
11256
11269
11278
11297
11298
11301
11314
11316
11361
11393
11397
11400
11418
11446
11505
11517
11538
11564
11607
11663
11686
11709
11723
11724
11729
11744
11752
11768
11769
11794
11815
11845
11847
11873
11923
11942
11945
11996
12000
12001
12013
12033
12035
12078
12084
12098
12099
12112
12118
12156
12167
12169
12202
12214
12225
12243
12248
12255
12274
12281
12297
12327
12351
12382
12387
12399
12406
12410
12422
12443
12454
12623
12648
12650
12653
12656
12664
12666
12671
12675
12687
12693
12694
12696
12697
12700
12702
12713
12714
12715
12718
12719
12723
12728
12742
12747
12754
12758
12759
12770
12771
12775
12780
12781
12792
12794
12799
12811
12812
12814
12815
12837
12839
12840
12845
12849
12853
12863
12872
12880
12889
12890
12894
12898
12899
12908
12912
12915
12919
12921
12927
12939
12946
