0	3
0	4
0	10
0	171
0	219
0	493
0	608
0	708
0	753
0	763
0	977
0	1103
0	1226
0	1358
0	1729
0	2012
0	2041
0	2139
0	2661
0	2699
0	2744
0	2747
0	2783
0	3211
0	3388
0	3449
0	3482
0	3504
0	3554
0	3615
0	3735
0	3767
0	3778
0	3783
0	3808
0	3863
0	3866
0	3915
0	3956
0	4032
0	4045
0	4057
0	4150
0	4156
0	4159
0	4176
0	4191
0	4593
0	4725
0	5059
0	5165
0	5429
0	5441
0	5468
0	5711
0	5896
0	6555
0	6557
0	6559
0	6614
0	6783
0	6819
0	6820
0	6976
0	6977
0	6982
0	7007
0	7071
0	7224
0	7324
0	7595
0	8081
0	8171
0	8248
0	8372
0	8451
0	8521
0	8522
0	9027
0	9199
0	9498
0	10021
0	10042
0	10309
0	10596
0	10751
0	11298
0	12086
0	12452
0	12751
0	13193
0	13312
0	13570
0	13755
0	13756
0	13762
0	13773
0	13774
0	13911
0	13980
0	14024
0	14093
0	14120
0	15202
0	15637
0	15644
0	15652
0	17106
0	17121
0	17250
0	17768
0	17880
0	17912
0	18077
0	18679
0	18823
0	18830
0	18875
0	20106
0	20107
0	20201
0	20365
0	20865
0	20996
0	21570
0	21571
0	21915
0	22795
1	26
1	27
1	37
1	61
1	62
1	74
1	75
1	92
1	98
1	99
1	101
1	102
1	103
1	104
1	105
1	106
1	107
1	108
1	109
1	110
1	111
1	112
1	113
1	114
1	115
1	116
1	117
1	125
1	133
1	135
1	136
1	138
1	153
1	158
1	160
1	164
1	169
1	228
1	229
1	230
1	232
1	233
1	234
1	235
1	240
1	241
1	242
1	243
1	264
1	309
1	311
1	312
1	313
1	315
1	316
1	317
1	318
1	319
1	320
1	321
1	322
1	323
1	325
1	326
1	327
1	330
1	333
1	335
1	336
1	338
1	339
1	340
1	341
1	342
1	343
1	344
1	359
1	360
1	361
1	362
1	381
1	416
1	420
1	422
1	423
1	424
1	425
1	426
1	427
1	428
1	429
1	430
1	437
1	455
1	505
1	507
1	508
1	509
1	511
1	563
1	570
1	573
1	574
1	575
1	576
1	577
1	578
1	580
1	581
1	582
1	583
1	584
1	585
1	587
1	591
1	592
1	593
1	594
1	595
1	596
1	598
1	599
1	600
1	610
1	620
1	621
1	675
1	676
1	688
1	689
1	691
1	692
1	693
1	694
1	695
1	701
1	702
1	704
1	717
1	718
1	720
1	721
1	723
1	725
1	726
1	728
1	730
1	732
1	733
1	734
1	736
1	737
1	738
1	745
1	750
1	754
1	774
1	789
1	790
1	791
1	794
1	796
1	797
1	798
1	800
1	801
1	802
1	803
1	804
1	806
1	826
1	832
1	835
1	836
1	837
1	838
1	839
1	840
1	841
1	842
1	843
1	844
1	845
1	846
1	847
1	852
1	853
1	854
1	858
1	859
1	860
1	861
1	885
1	970
1	971
1	976
1	978
1	981
1	983
1	984
1	986
1	987
1	990
1	991
1	992
1	993
1	995
1	997
1	998
1	1000
1	1002
1	1003
1	1008
1	1010
1	1025
1	1030
1	1060
1	1082
1	1088
1	1089
1	1090
1	1091
1	1092
1	1093
1	1094
1	1101
1	1102
1	1104
1	1145
1	1146
1	1147
1	1148
1	1149
1	1150
1	1151
1	1152
1	1153
1	1154
1	1155
1	1157
1	1158
1	1171
1	1172
1	1174
1	1193
1	1198
1	1199
1	1201
1	1202
1	1203
1	1207
1	1210
1	1211
1	1212
1	1213
1	1217
1	1218
1	1219
1	1221
1	1251
1	1252
1	1253
1	1254
1	1255
1	1256
1	1257
1	1258
1	1260
1	1261
1	1262
1	1263
1	1265
1	1266
1	1267
1	1268
1	1269
1	1270
1	1271
1	1272
1	1273
1	1274
1	1275
1	1280
1	1284
1	1285
1	1287
1	1289
1	1292
1	1295
1	1296
1	1297
1	1300
1	1301
1	1302
1	1303
1	1305
1	1320
1	1331
1	1334
1	1341
1	1343
1	1345
1	1346
1	1347
1	1348
1	1349
1	1350
1	1351
1	1352
1	1353
1	1359
1	1360
1	1364
1	1365
1	1366
1	1367
1	1368
1	1379
1	1390
1	1391
1	1398
1	1404
1	1429
1	1437
1	1438
1	1444
1	1447
1	1456
1	1543
1	1577
1	1655
1	1742
1	1744
1	1793
1	1802
1	1832
1	1839
1	1842
1	1845
1	1854
1	1856
1	1925
1	1926
1	1928
1	1930
1	1939
1	1940
1	1941
1	1946
1	1948
1	1949
1	1950
1	1951
1	1952
1	1953
1	1954
1	1955
1	1956
1	1957
1	1958
1	1959
1	1961
1	1962
1	1963
1	1964
1	1965
1	1992
1	1993
1	2054
1	2066
1	2071
1	2075
1	2082
1	2090
1	2099
1	2105
1	2106
1	2107
1	2115
1	2118
1	2123
1	2126
1	2137
1	2151
1	2157
1	2190
1	2204
1	2220
1	2252
1	2271
1	2344
1	2360
1	2381
1	2394
1	2443
1	2563
1	2573
1	2576
1	2602
1	2658
1	2679
1	2715
1	2758
1	2760
1	2761
1	2762
1	2775
1	2778
1	2779
1	2797
1	2815
1	2818
1	2827
1	2842
1	2843
1	2845
1	2846
1	2848
1	2849
1	2850
1	2854
1	2857
1	2860
1	2861
1	2865
1	2878
1	2879
1	2915
1	2916
1	2917
1	2922
1	2935
1	2978
1	2985
1	3020
1	3033
1	3037
1	3050
1	3077
1	3106
1	3127
1	3132
1	3146
1	3158
1	3196
1	3270
1	3273
1	3285
1	3286
1	3291
1	3311
1	3317
1	3411
1	3422
1	3430
1	3433
1	3458
1	3460
1	3465
1	3480
1	3507
1	3508
1	3567
1	3569
1	3570
1	3584
1	3602
1	3608
1	3612
1	3613
1	3617
1	3655
1	3660
1	3731
1	3742
1	3760
1	3761
1	3770
1	3801
1	3824
1	3850
1	3867
1	3873
1	3881
1	3893
1	3901
1	3929
1	3979
1	3980
1	4004
1	4015
1	4024
1	4068
1	4077
1	4078
1	4079
1	4111
1	4135
1	4147
1	4169
1	4189
1	4219
1	4226
1	4227
1	4228
1	4229
1	4230
1	4231
1	4232
1	4233
1	4234
1	4249
1	4300
1	4302
1	4308
1	4313
1	4314
1	4315
1	4325
1	4347
1	4365
1	4367
1	4386
1	4389
1	4398
1	4402
1	4403
1	4404
1	4418
1	4435
1	4485
1	4486
1	4489
1	4490
1	4493
1	4499
1	4520
1	4521
1	4534
1	4548
1	4578
1	4581
1	4639
1	4640
1	4641
1	4648
1	4649
1	4650
1	4651
1	4652
1	4653
1	4654
1	4655
1	4656
1	4658
1	4663
1	4664
1	4665
1	4667
1	4669
1	4671
1	4674
1	4676
1	4678
1	4679
1	4680
1	4681
1	4682
1	4683
1	4684
1	4685
1	4686
1	4687
1	4688
1	4689
1	4690
1	4691
1	4692
1	4693
1	4694
1	4695
1	4696
1	4697
1	4698
1	4699
1	4707
1	4708
1	4709
1	4710
1	4775
1	4818
1	4820
1	4821
1	4822
1	4823
1	4824
1	4828
1	4829
1	4830
1	4831
1	4840
1	4851
1	4853
1	4854
1	4855
1	4856
1	4857
1	4858
1	4859
1	4861
1	4862
1	4863
1	4864
1	4865
1	4866
1	4869
1	4870
1	4871
1	4872
1	4873
1	4874
1	4875
1	4876
1	4917
1	4918
1	4921
1	4922
1	4923
1	4924
1	4925
1	4926
1	4928
1	4929
1	4930
1	4931
1	4932
1	4933
1	4934
1	4936
1	4937
1	4942
1	4956
1	4959
1	4964
1	4965
1	4968
1	4975
1	4976
1	4996
1	4999
1	5006
1	5007
1	5009
1	5010
1	5012
1	5015
1	5020
1	5024
1	5028
1	5036
1	5037
1	5071
1	5079
1	5085
1	5091
1	5099
1	5100
1	5101
1	5105
1	5112
1	5114
1	5115
1	5116
1	5119
1	5123
1	5146
1	5147
1	5148
1	5149
1	5150
1	5153
1	5181
1	5184
1	5187
1	5204
1	5205
1	5208
1	5219
1	5222
1	5315
1	5338
1	5374
1	5414
1	5430
1	5443
1	5454
1	5461
1	5478
1	5498
1	5509
1	5556
1	5558
1	5566
1	5572
1	5586
1	5605
1	5608
1	5611
1	5613
1	5624
1	5625
1	5626
1	5629
1	5630
1	5631
1	5633
1	5634
1	5635
1	5636
1	5637
1	5638
1	5639
1	5640
1	5641
1	5661
1	5678
1	5681
1	5685
1	5688
1	5721
1	5723
1	5725
1	5726
1	5727
1	5729
1	5730
1	5733
1	5735
1	5738
1	5739
1	5750
1	5751
1	5752
1	5753
1	5754
1	5755
1	5756
1	5757
1	5758
1	5759
1	5760
1	5761
1	5762
1	5763
1	5764
1	5765
1	5766
1	5767
1	5768
1	5769
1	5770
1	5771
1	5773
1	5781
1	5782
1	5783
1	5785
1	5791
1	5811
1	5834
1	5858
1	5907
1	5910
1	5917
1	5919
1	5930
1	5931
1	5933
1	5940
1	5952
1	6065
1	6095
1	6127
1	6143
1	6181
1	6274
1	6275
1	6277
1	6279
1	6280
1	6286
1	6293
1	6319
1	6325
1	6328
1	6347
1	6349
1	6351
1	6352
1	6355
1	6390
1	6391
1	6395
1	6415
1	6424
1	6425
1	6426
1	6427
1	6428
1	6432
1	6433
1	6457
1	6458
1	6477
1	6478
1	6479
1	6482
1	6484
1	6491
1	6494
1	6495
1	6496
1	6505
1	6506
1	6507
1	6527
1	6528
1	6542
1	6543
1	6547
1	6548
1	6577
1	6591
1	6595
1	6597
1	6598
1	6603
1	6607
1	6616
1	6621
1	6622
1	6635
1	6637
1	6640
1	6648
1	6654
1	6670
1	6680
1	6702
1	6703
1	6719
1	6720
1	6721
1	6724
1	6735
1	6737
1	6741
1	6747
1	6750
1	6798
1	6801
1	6805
1	6810
1	6814
1	6821
1	6827
1	6831
1	6832
1	6846
1	6873
1	6877
1	6905
1	6942
1	6955
1	6961
1	6969
1	6992
1	7008
1	7009
1	7012
1	7013
1	7014
1	7015
1	7016
1	7033
1	7040
1	7042
1	7046
1	7106
1	7114
1	7117
1	7125
1	7126
1	7174
1	7208
1	7209
1	7216
1	7217
1	7231
1	7237
1	7240
1	7244
1	7273
1	7274
1	7305
1	7306
1	7309
1	7311
1	7315
1	7316
1	7320
1	7341
1	7342
1	7344
1	7349
1	7357
1	7358
1	7377
1	7386
1	7392
1	7393
1	7394
1	7395
1	7398
1	7401
1	7402
1	7403
1	7404
1	7405
1	7406
1	7407
1	7408
1	7409
1	7413
1	7414
1	7418
1	7419
1	7420
1	7421
1	7423
1	7424
1	7425
1	7449
1	7456
1	7457
1	7459
1	7468
1	7481
1	7483
1	7484
1	7515
1	7526
1	7528
1	7533
1	7534
1	7537
1	7552
1	7558
1	7562
1	7580
1	7608
1	7617
1	7628
1	7633
1	7648
1	7650
1	7651
1	7659
1	7665
1	7666
1	7667
1	7672
1	7676
1	7681
1	7682
1	7683
1	7685
1	7687
1	7692
1	7698
1	7699
1	7702
1	7703
1	7705
1	7706
1	7707
1	7708
1	7711
1	7714
1	7723
1	7724
1	7729
1	7730
1	7732
1	7733
1	7734
1	7745
1	7753
1	7754
1	7783
1	7796
1	7831
1	7886
1	7888
1	7889
1	7897
1	7898
1	7899
1	7943
1	7944
1	7970
1	7974
1	8003
1	8014
1	8026
1	8064
1	8087
1	8091
1	8104
1	8105
1	8106
1	8113
1	8144
1	8149
1	8150
1	8155
1	8157
1	8168
1	8169
1	8175
1	8178
1	8181
1	8198
1	8213
1	8252
1	8260
1	8261
1	8262
1	8263
1	8274
1	8279
1	8282
1	8290
1	8328
1	8336
1	8337
1	8365
1	8385
1	8404
1	8405
1	8438
1	8476
1	8523
1	8531
1	8535
1	8538
1	8542
1	8567
1	8600
1	8603
1	8607
1	8610
1	8628
1	8629
1	8641
1	8647
1	8654
1	8665
1	8668
1	8670
1	8676
1	8679
1	8685
1	8706
1	8711
1	8712
1	8723
1	8735
1	8742
1	8744
1	8869
1	8872
1	8885
1	8900
1	8901
1	8987
1	8988
1	9005
1	9014
1	9015
1	9039
1	9070
1	9073
1	9074
1	9075
1	9076
1	9077
1	9078
1	9079
1	9080
1	9082
1	9093
1	9098
1	9099
1	9101
1	9107
1	9114
1	9120
1	9124
1	9135
1	9156
1	9158
1	9208
1	9211
1	9226
1	9227
1	9228
1	9229
1	9230
1	9231
1	9232
1	9240
1	9258
1	9280
1	9295
1	9297
1	9318
1	9322
1	9362
1	9380
1	9386
1	9388
1	9403
1	9405
1	9446
1	9450
1	9457
1	9459
1	9463
1	9464
1	9466
1	9468
1	9469
1	9471
1	9472
1	9478
1	9482
1	9484
1	9488
1	9491
1	9494
1	9496
1	9501
1	9519
1	9524
1	9546
1	9547
1	9570
1	9590
1	9596
1	9597
1	9599
1	9603
1	9614
1	9633
1	9643
1	9652
1	9655
1	9656
1	9657
1	9658
1	9659
1	9660
1	9661
1	9662
1	9667
1	9684
1	9688
1	9690
1	9693
1	9697
1	9700
1	9701
1	9705
1	9708
1	9709
1	9710
1	9714
1	9718
1	9719
1	9720
1	9721
1	9722
1	9724
1	9725
1	9727
1	9728
1	9730
1	9732
1	9733
1	9734
1	9735
1	9736
1	9740
1	9744
1	9745
1	9746
1	9747
1	9762
1	9778
1	9779
1	9781
1	9784
1	9792
1	9793
1	9794
1	9796
1	9797
1	9798
1	9799
1	9801
1	9819
1	9820
1	9823
1	9834
1	9835
1	9855
1	9866
1	9868
1	9869
1	9874
1	9875
1	9877
1	9880
1	9885
1	9886
1	9896
1	9901
1	9902
1	9903
1	9904
1	9908
1	9928
1	9942
1	10030
1	10044
1	10160
1	10167
1	10223
1	10232
1	10233
1	10268
1	10269
1	10272
1	10290
1	10315
1	10342
1	10345
1	10351
1	10354
1	10362
1	10367
1	10384
1	10395
1	10398
1	10419
1	10442
1	10443
1	10453
1	10465
1	10481
1	10524
1	10540
1	10544
1	10564
1	10582
1	10585
1	10599
1	10635
1	10637
1	10638
1	10639
1	10649
1	10650
1	10651
1	10655
1	10656
1	10657
1	10658
1	10668
1	10683
1	10695
1	10706
1	10718
1	10725
1	10728
1	10729
1	10730
1	10733
1	10734
1	10740
1	10753
1	10758
1	10787
1	10798
1	10805
1	10826
1	10827
1	10836
1	10838
1	10839
1	10840
1	10845
1	10852
1	10853
1	10856
1	10858
1	10859
1	10864
1	10879
1	10889
1	10892
1	10906
1	10933
1	10961
1	10964
1	10965
1	10966
1	10977
1	10992
1	10994
1	10995
1	10996
1	10997
1	10998
1	11001
1	11002
1	11003
1	11004
1	11006
1	11007
1	11009
1	11016
1	11033
1	11043
1	11045
1	11046
1	11047
1	11048
1	11051
1	11052
1	11053
1	11054
1	11055
1	11058
1	11059
1	11060
1	11061
1	11062
1	11063
1	11064
1	11065
1	11066
1	11067
1	11068
1	11069
1	11070
1	11071
1	11076
1	11082
1	11083
1	11085
1	11086
1	11088
1	11091
1	11092
1	11094
1	11097
1	11098
1	11099
1	11100
1	11101
1	11104
1	11115
1	11116
1	11117
1	11118
1	11124
1	11129
1	11140
1	11141
1	11142
1	11156
1	11158
1	11162
1	11164
1	11165
1	11166
1	11167
1	11169
1	11171
1	11172
1	11174
1	11175
1	11177
1	11178
1	11179
1	11180
1	11181
1	11182
1	11183
1	11184
1	11185
1	11186
1	11187
1	11188
1	11189
1	11190
1	11191
1	11192
1	11193
1	11194
1	11196
1	11197
1	11199
1	11200
1	11201
1	11202
1	11203
1	11204
1	11205
1	11206
1	11207
1	11209
1	11210
1	11211
1	11213
1	11214
1	11216
1	11217
1	11230
1	11244
1	11248
1	11249
1	11252
1	11253
1	11254
1	11276
1	11277
1	11328
1	11329
1	11351
1	11359
1	11377
1	11381
1	11439
1	11457
1	11458
1	11466
1	11472
1	11479
1	11485
1	11492
1	11493
1	11510
1	11511
1	11515
1	11516
1	11521
1	11522
1	11554
1	11558
1	11560
1	11561
1	11562
1	11564
1	11568
1	11576
1	11587
1	11671
1	11675
1	11719
1	11742
1	11744
1	11768
1	11770
1	11771
1	11781
1	11783
1	11784
1	11785
1	11787
1	11790
1	11796
1	11805
1	11813
1	11825
1	11831
1	11874
1	11889
1	11913
1	11916
1	11936
1	11937
1	11949
1	11952
1	11953
1	11998
1	12029
1	12031
1	12037
1	12040
1	12044
1	12062
1	12064
1	12073
1	12076
1	12077
1	12078
1	12079
1	12114
1	12121
1	12144
1	12158
1	12159
1	12164
1	12172
1	12175
1	12185
1	12186
1	12191
1	12193
1	12198
1	12217
1	12233
1	12243
1	12256
1	12261
1	12264
1	12267
1	12279
1	12280
1	12287
1	12316
1	12326
1	12327
1	12350
1	12359
1	12360
1	12362
1	12363
1	12365
1	12377
1	12412
1	12430
1	12439
1	12458
1	12473
1	12487
1	12499
1	12500
1	12504
1	12505
1	12507
1	12509
1	12510
1	12512
1	12514
1	12515
1	12516
1	12517
1	12518
1	12519
1	12520
1	12521
1	12522
1	12524
1	12525
1	12526
1	12527
1	12528
1	12533
1	12546
1	12568
1	12593
1	12618
1	12619
1	12623
1	12629
1	12665
1	12682
1	12683
1	12695
1	12696
1	12701
1	12708
1	12709
1	12715
1	12720
1	12725
1	12731
1	12737
1	12758
1	12776
1	12777
1	12778
1	12779
1	12780
1	12781
1	12782
1	12783
1	12784
1	12785
1	12786
1	12787
1	12788
1	12789
1	12791
1	12817
1	12818
1	12831
1	12832
1	12838
1	12839
1	12842
1	12857
1	12859
1	12860
1	12861
1	12862
1	12863
1	12864
1	12865
1	12866
1	12867
1	12868
1	12869
1	12872
1	12873
1	12874
1	12875
1	12876
1	12877
1	12878
1	12879
1	12881
1	12882
1	12883
1	12885
1	12886
1	12887
1	12888
1	12889
1	12890
1	12891
1	12892
1	12893
1	12895
1	12898
1	12899
1	12901
1	12904
1	12905
1	12906
1	12907
1	12909
1	12910
1	12911
1	12912
1	12913
1	12914
1	12915
1	12916
1	12917
1	12918
1	12919
1	12920
1	12921
1	12922
1	12923
1	12929
1	12961
1	12962
1	12963
1	12968
1	12983
1	12994
1	12997
1	13004
1	13010
1	13017
1	13019
1	13020
1	13022
1	13026
1	13062
1	13063
1	13064
1	13065
1	13067
1	13068
1	13069
1	13072
1	13073
1	13074
1	13075
1	13076
1	13078
1	13079
1	13080
1	13081
1	13084
1	13085
1	13086
1	13087
1	13088
1	13090
1	13091
1	13092
1	13093
1	13094
1	13095
1	13096
1	13097
1	13098
1	13099
1	13100
1	13101
1	13102
1	13103
1	13104
1	13105
1	13106
1	13107
1	13108
1	13112
1	13113
1	13116
1	13117
1	13119
1	13120
1	13121
1	13122
1	13123
1	13125
1	13126
1	13127
1	13129
1	13132
1	13133
1	13134
1	13135
1	13136
1	13137
1	13138
1	13139
1	13142
1	13143
1	13144
1	13145
1	13146
1	13171
1	13226
1	13235
1	13238
1	13239
1	13240
1	13253
1	13254
1	13255
1	13260
1	13317
1	13336
1	13338
1	13343
1	13351
1	13379
1	13382
1	13417
1	13429
1	13431
1	13433
1	13434
1	13435
1	13436
1	13437
1	13438
1	13474
1	13476
1	13490
1	13493
1	13510
1	13517
1	13520
1	13524
1	13528
1	13532
1	13535
1	13585
1	13589
1	13593
1	13594
1	13634
1	13647
1	13650
1	13651
1	13659
1	13660
1	13670
1	13676
1	13698
1	13699
1	13700
1	13701
1	13702
1	13703
1	13709
1	13725
1	13726
1	13727
1	13733
1	13769
1	13801
1	13815
1	13826
1	13828
1	13834
1	13838
1	13843
1	13861
1	13862
1	13863
1	13893
1	13894
1	13895
1	13896
1	13897
1	13898
1	13899
1	13900
1	13905
1	13906
1	13907
1	13908
1	13909
1	13914
1	13928
1	13929
1	13930
1	13932
1	13934
1	13935
1	13936
1	13938
1	13940
1	13941
1	13942
1	13943
1	13951
1	13967
1	13968
1	13969
1	13970
1	13971
1	13987
1	13988
1	13996
1	13997
1	14001
1	14002
1	14017
1	14026
1	14028
1	14034
1	14039
1	14042
1	14043
1	14044
1	14045
1	14046
1	14047
1	14051
1	14057
1	14061
1	14067
1	14089
1	14109
1	14115
1	14116
1	14117
1	14127
1	14133
1	14136
1	14143
1	14156
1	14181
1	14186
1	14328
1	14329
1	14391
1	14393
1	14394
1	14463
1	14515
1	14520
1	14521
1	14574
1	14578
1	14582
1	14616
1	14622
1	14625
1	14627
1	14629
1	14630
1	14634
1	14635
1	14637
1	14638
1	14640
1	14646
1	14651
1	14653
1	14666
1	14701
1	14705
1	14707
1	14723
1	14727
1	14741
1	14743
1	14744
1	14756
1	14757
1	14765
1	14774
1	14785
1	14786
1	14793
1	14795
1	14797
1	14801
1	14802
1	14803
1	14804
1	14805
1	14806
1	14807
1	14810
1	14811
1	14812
1	14813
1	14815
1	14816
1	14817
1	14818
1	14820
1	14821
1	14822
1	14824
1	14826
1	14827
1	14828
1	14832
1	14834
1	14835
1	14836
1	14838
1	14845
1	14846
1	14847
1	14848
1	14849
1	14850
1	14851
1	14852
1	14854
1	14855
1	14857
1	14859
1	14860
1	14865
1	14869
1	14870
1	14872
1	14873
1	14876
1	14877
1	14878
1	14879
1	14882
1	14897
1	14925
1	14926
1	14929
1	14932
1	14937
1	14951
1	14952
1	14953
1	14954
1	14955
1	14957
1	14959
1	14962
1	14963
1	14964
1	15073
1	15076
1	15077
1	15079
1	15080
1	15081
1	15082
1	15083
1	15084
1	15085
1	15086
1	15088
1	15091
1	15092
1	15095
1	15096
1	15097
1	15098
1	15099
1	15100
1	15102
1	15103
1	15104
1	15106
1	15107
1	15110
1	15126
1	15137
1	15163
1	15165
1	15179
1	15180
1	15181
1	15182
1	15185
1	15186
1	15187
1	15188
1	15191
1	15192
1	15194
1	15195
1	15196
1	15197
1	15198
1	15199
1	15200
1	15201
1	15203
1	15204
1	15206
1	15207
1	15209
1	15211
1	15212
1	15213
1	15214
1	15215
1	15216
1	15217
1	15218
1	15219
1	15223
1	15237
1	15263
1	15267
1	15268
1	15269
1	15270
1	15271
1	15272
1	15273
1	15274
1	15275
1	15276
1	15283
1	15284
1	15285
1	15288
1	15291
1	15296
1	15297
1	15298
1	15299
1	15300
1	15301
1	15311
1	15314
1	15317
1	15320
1	15326
1	15328
1	15336
1	15340
1	15358
1	15386
1	15396
1	15401
1	15411
1	15412
1	15413
1	15414
1	15429
1	15437
1	15447
1	15449
1	15450
1	15452
1	15454
1	15456
1	15457
1	15490
1	15500
1	15529
1	15532
1	15536
1	15538
1	15539
1	15540
1	15545
1	15564
1	15581
1	15582
1	15602
1	15618
1	15619
1	15622
1	15642
1	15653
1	15660
1	15697
1	15713
1	15718
1	15720
1	15736
1	15789
1	15799
1	15802
1	15804
1	15834
1	15888
1	15904
1	15912
1	15975
1	15976
1	15980
1	15985
1	15997
1	16001
1	16015
1	16050
1	16054
1	16065
1	16078
1	16083
1	16084
1	16085
1	16086
1	16089
1	16090
1	16091
1	16092
1	16093
1	16094
1	16095
1	16096
1	16097
1	16104
1	16105
1	16106
1	16107
1	16108
1	16109
1	16110
1	16111
1	16112
1	16113
1	16128
1	16207
1	16217
1	16221
1	16237
1	16308
1	16310
1	16313
1	16318
1	16319
1	16328
1	16329
1	16352
1	16365
1	16422
1	16442
1	16488
1	16490
1	16491
1	16492
1	16493
1	16494
1	16495
1	16497
1	16514
1	16517
1	16533
1	16534
1	16575
1	16577
1	16579
1	16581
1	16584
1	16585
1	16587
1	16588
1	16589
1	16594
1	16595
1	16596
1	16598
1	16599
1	16600
1	16604
1	16606
1	16631
1	16640
1	16655
1	16656
1	16669
1	16670
1	16708
1	16724
1	16726
1	16729
1	16813
1	16821
1	16823
1	16824
1	16827
1	16830
1	16844
1	16850
1	16857
1	16859
1	16873
1	16879
1	16907
1	16923
1	16933
1	17001
1	17025
1	17046
1	17067
1	17091
1	17097
1	17104
1	17105
1	17168
1	17183
1	17195
1	17199
1	17219
1	17220
1	17232
1	17296
1	17297
1	17300
1	17306
1	17307
1	17308
1	17309
1	17315
1	17322
1	17326
1	17329
1	17330
1	17332
1	17343
1	17390
1	17392
1	17416
1	17417
1	17442
1	17443
1	17445
1	17454
1	17482
1	17484
1	17495
1	17517
1	17521
1	17556
1	17573
1	17586
1	17589
1	17608
1	17609
1	17612
1	17614
1	17630
1	17631
1	17632
1	17636
1	17638
1	17642
1	17653
1	17654
1	17655
1	17656
1	17657
1	17658
1	17659
1	17660
1	17661
1	17663
1	17664
1	17665
1	17666
1	17667
1	17668
1	17669
1	17670
1	17671
1	17672
1	17673
1	17674
1	17675
1	17677
1	17678
1	17679
1	17681
1	17682
1	17702
1	17720
1	17726
1	17737
1	17773
1	17789
1	17790
1	17792
1	17793
1	17794
1	17795
1	17796
1	17797
1	17798
1	17799
1	17800
1	17801
1	17803
1	17804
1	17808
1	17815
1	17816
1	17818
1	17819
1	17821
1	17822
1	17824
1	17825
1	17877
1	17888
1	17891
1	17892
1	17894
1	17895
1	17897
1	17899
1	17900
1	17901
1	17904
1	17905
1	17908
1	17909
1	17910
1	17911
1	17914
1	17918
1	17919
1	17920
1	17922
1	17929
1	17930
1	17947
1	17949
1	17950
1	17954
1	17956
1	17958
1	17959
1	17961
1	17967
1	18003
1	18004
1	18005
1	18007
1	18008
1	18010
1	18011
1	18012
1	18013
1	18018
1	18019
1	18022
1	18023
1	18030
1	18031
1	18032
1	18033
1	18034
1	18035
1	18036
1	18046
1	18049
1	18070
1	18116
1	18153
1	18156
1	18160
1	18162
1	18163
1	18164
1	18165
1	18166
1	18167
1	18168
1	18170
1	18179
1	18183
1	18201
1	18220
1	18221
1	18260
1	18261
1	18262
1	18273
1	18286
1	18304
1	18308
1	18314
1	18332
1	18333
1	18335
1	18392
1	18398
1	18419
1	18421
1	18423
1	18424
1	18425
1	18427
1	18430
1	18436
1	18439
1	18440
1	18528
1	18529
1	18532
1	18534
1	18542
1	18545
1	18548
1	18559
1	18667
1	18670
1	18671
1	18672
1	18688
1	18689
1	18690
1	18691
1	18695
1	18699
1	18736
1	18768
1	18799
1	18803
1	18804
1	18808
1	18809
1	18810
1	18811
1	18812
1	18813
1	18827
1	18833
1	18845
1	18883
1	18884
1	18885
1	18976
1	18979
1	18980
1	18998
1	19000
1	19003
1	19008
1	19009
1	19010
1	19011
1	19021
1	19022
1	19023
1	19024
1	19067
1	19068
1	19096
1	19100
1	19125
1	19126
1	19127
1	19128
1	19129
1	19130
1	19131
1	19132
1	19134
1	19135
1	19184
1	19188
1	19224
1	19242
1	19243
1	19249
1	19250
1	19251
1	19252
1	19253
1	19264
1	19273
1	19324
1	19363
1	19384
1	19385
1	19436
1	19451
1	19461
1	19462
1	19463
1	19464
1	19466
1	19486
1	19504
1	19505
1	19506
1	19507
1	19508
1	19509
1	19512
1	19514
1	19515
1	19516
1	19517
1	19518
1	19522
1	19523
1	19525
1	19528
1	19529
1	19530
1	19531
1	19532
1	19533
1	19534
1	19535
1	19536
1	19537
1	19538
1	19539
1	19540
1	19541
1	19542
1	19543
1	19544
1	19545
1	19546
1	19547
1	19548
1	19549
1	19550
1	19551
1	19552
1	19553
1	19554
1	19555
1	19556
1	19557
1	19559
1	19561
1	19562
1	19563
1	19564
1	19565
1	19567
1	19570
1	19571
1	19604
1	19617
1	19633
1	19635
1	19642
1	19643
1	19644
1	19650
1	19651
1	19652
1	19654
1	19655
1	19656
1	19657
1	19658
1	19659
1	19660
1	19661
1	19662
1	19663
1	19664
1	19665
1	19666
1	19667
1	19668
1	19670
1	19672
1	19673
1	19675
1	19677
1	19678
1	19680
1	19681
1	19682
1	19691
1	19692
1	19693
1	19694
1	19697
1	19700
1	19702
1	19703
1	19704
1	19706
1	19707
1	19708
1	19709
1	19710
1	19711
1	19712
1	19719
1	19720
1	19721
1	19728
1	19730
1	19731
1	19732
1	19733
1	19734
1	19735
1	19736
1	19737
1	19738
1	19739
1	19740
1	19741
1	19742
1	19743
1	19744
1	19745
1	19746
1	19747
1	19748
1	19750
1	19751
1	19752
1	19755
1	19756
1	19757
1	19759
1	19770
1	19795
1	19796
1	19800
1	19809
1	19846
1	19847
1	19848
1	19861
1	19864
1	19865
1	19882
1	19884
1	19904
1	19906
1	19910
1	19915
1	19917
1	19943
1	19945
1	19946
1	19955
1	19961
1	19973
1	19994
1	20004
1	20005
1	20035
1	20071
1	20076
1	20103
1	20105
1	20116
1	20124
1	20125
1	20138
1	20142
1	20145
1	20150
1	20151
1	20153
1	20154
1	20161
1	20178
1	20188
1	20205
1	20209
1	20230
1	20235
1	20254
1	20257
1	20283
1	20284
1	20297
1	20305
1	20332
1	20340
1	20364
1	20366
1	20367
1	20369
1	20371
1	20372
1	20373
1	20374
1	20375
1	20376
1	20377
1	20378
1	20379
1	20381
1	20382
1	20384
1	20385
1	20386
1	20390
1	20397
1	20398
1	20411
1	20426
1	20427
1	20443
1	20444
1	20445
1	20446
1	20448
1	20474
1	20476
1	20479
1	20506
1	20518
1	20537
1	20543
1	20544
1	20546
1	20548
1	20550
1	20568
1	20569
1	20570
1	20587
1	20604
1	20605
1	20608
1	20615
1	20616
1	20617
1	20618
1	20619
1	20620
1	20621
1	20622
1	20623
1	20624
1	20625
1	20626
1	20650
1	20651
1	20652
1	20653
1	20669
1	20765
1	20766
1	20820
1	20822
1	20824
1	20832
1	20835
1	20849
1	20850
1	20851
1	20852
1	20853
1	20854
1	20855
1	20857
1	20877
1	20878
1	20895
1	20896
1	20897
1	20903
1	20907
1	20908
1	20910
1	20927
1	21026
1	21031
1	21046
1	21049
1	21050
1	21052
1	21053
1	21054
1	21081
1	21136
1	21140
1	21143
1	21148
1	21158
1	21164
1	21188
1	21190
1	21211
1	21215
1	21220
1	21225
1	21249
1	21253
1	21254
1	21306
1	21334
1	21344
1	21380
1	21483
1	21514
1	21517
1	21523
1	21531
1	21563
1	21623
1	21653
1	21656
1	21668
1	21706
1	21711
1	21717
1	21770
1	21777
1	21778
1	21779
1	21780
1	21781
1	21782
1	21783
1	21784
1	21785
1	21786
1	21787
1	21788
1	21789
1	21798
1	21802
1	21806
1	21810
1	21811
1	21826
1	21827
1	21837
1	21848
1	21870
1	21871
1	21872
1	21873
1	21879
1	21894
1	21895
1	21897
1	21898
1	21904
1	21909
1	21917
1	21918
1	21919
1	21920
1	21921
1	21922
1	21923
1	21924
1	21930
1	21932
1	21934
1	21935
1	21936
1	21951
1	21952
1	21961
1	21980
1	21985
1	21986
1	21987
1	21988
1	21989
1	21997
1	21999
1	22001
1	22011
1	22012
1	22018
1	22020
1	22021
1	22025
1	22046
1	22107
1	22109
1	22114
1	22117
1	22118
1	22119
1	22120
1	22125
1	22126
1	22141
1	22142
1	22143
1	22145
1	22154
1	22155
1	22157
1	22162
1	22175
1	22185
1	22186
1	22207
1	22208
1	22211
1	22215
1	22218
1	22223
1	22226
1	22229
1	22238
1	22249
1	22272
1	22273
1	22277
1	22280
1	22338
1	22355
1	22356
1	22358
1	22359
1	22364
1	22372
1	22399
1	22402
1	22405
1	22416
1	22417
1	22433
1	22445
1	22448
1	22477
1	22492
1	22506
1	22531
1	22545
1	22565
1	22600
1	22629
1	22633
1	22636
1	22641
1	22673
1	22684
1	22740
1	22809
1	22855
1	22860
2	7
2	31
2	40
2	65
2	86
2	88
2	89
2	91
2	157
2	173
2	178
2	199
2	208
2	213
2	255
2	258
2	277
2	282
2	308
2	324
2	328
2	331
2	332
2	334
2	337
2	345
2	346
2	373
2	438
2	439
2	564
2	671
2	684
2	699
2	724
2	740
2	742
2	744
2	751
2	755
2	760
2	782
2	793
2	795
2	805
2	815
2	865
2	873
2	906
2	942
2	1017
2	1022
2	1109
2	1161
2	1192
2	1209
2	1224
2	1241
2	1264
2	1312
2	1314
2	1324
2	1325
2	1329
2	1361
2	1373
2	1378
2	1418
2	1445
2	1446
2	1459
2	1475
2	1478
2	1497
2	1500
2	1523
2	1562
2	1582
2	1616
2	1630
2	1730
2	1733
2	1734
2	1736
2	1764
2	1810
2	1819
2	1872
2	1896
2	1945
2	1947
2	2006
2	2051
2	2080
2	2102
2	2108
2	2119
2	2127
2	2171
2	2173
2	2186
2	2188
2	2219
2	2229
2	2233
2	2237
2	2240
2	2255
2	2256
2	2319
2	2329
2	2363
2	2370
2	2435
2	2536
2	2562
2	2564
2	2565
2	2566
2	2572
2	2640
2	2676
2	2712
2	2733
2	2782
2	2788
2	2791
2	2799
2	2817
2	2847
2	2856
2	2870
2	2880
2	2882
2	2912
2	2913
2	2943
2	2993
2	3027
2	3039
2	3049
2	3056
2	3057
2	3060
2	3061
2	3063
2	3064
2	3098
2	3099
2	3100
2	3103
2	3107
2	3113
2	3121
2	3128
2	3129
2	3144
2	3199
2	3202
2	3228
2	3229
2	3230
2	3232
2	3240
2	3265
2	3272
2	3278
2	3280
2	3331
2	3340
2	3344
2	3346
2	3353
2	3395
2	3408
2	3417
2	3437
2	3438
2	3456
2	3462
2	3463
2	3464
2	3487
2	3548
2	3620
2	3622
2	3623
2	3633
2	3664
2	3668
2	3669
2	3672
2	3673
2	3675
2	3678
2	3680
2	3681
2	3684
2	3689
2	3691
2	3692
2	3695
2	3696
2	3703
2	3707
2	3725
2	3729
2	3739
2	3769
2	3786
2	3791
2	3826
2	3851
2	3855
2	3889
2	3918
2	3990
2	3997
2	4001
2	4011
2	4084
2	4120
2	4123
2	4125
2	4129
2	4133
2	4143
2	4146
2	4184
2	4188
2	4212
2	4214
2	4236
2	4237
2	4244
2	4246
2	4267
2	4268
2	4304
2	4348
2	4350
2	4352
2	4366
2	4372
2	4374
2	4393
2	4401
2	4436
2	4449
2	4461
2	4522
2	4537
2	4546
2	4547
2	4551
2	4564
2	4579
2	4657
2	4662
2	4666
2	4726
2	4728
2	4743
2	4752
2	4755
2	4757
2	4835
2	4935
2	4950
2	4974
2	4977
2	5003
2	5008
2	5011
2	5018
2	5030
2	5031
2	5064
2	5065
2	5070
2	5090
2	5102
2	5126
2	5145
2	5185
2	5197
2	5198
2	5201
2	5206
2	5212
2	5215
2	5310
2	5318
2	5319
2	5327
2	5329
2	5352
2	5363
2	5366
2	5421
2	5439
2	5451
2	5469
2	5476
2	5492
2	5495
2	5557
2	5562
2	5594
2	5612
2	5618
2	5619
2	5632
2	5651
2	5653
2	5671
2	5680
2	5690
2	5691
2	5700
2	5701
2	5710
2	5713
2	5776
2	5780
2	5784
2	5792
2	5810
2	5831
2	5832
2	5850
2	5852
2	5861
2	5863
2	5872
2	5874
2	5877
2	5889
2	5894
2	5897
2	5905
2	5909
2	5912
2	5937
2	5941
2	5958
2	5993
2	6027
2	6028
2	6030
2	6033
2	6038
2	6045
2	6084
2	6089
2	6101
2	6104
2	6105
2	6107
2	6108
2	6109
2	6111
2	6112
2	6113
2	6117
2	6119
2	6120
2	6121
2	6128
2	6137
2	6163
2	6173
2	6174
2	6176
2	6179
2	6189
2	6191
2	6192
2	6212
2	6224
2	6233
2	6236
2	6237
2	6285
2	6292
2	6298
2	6307
2	6315
2	6386
2	6392
2	6397
2	6434
2	6449
2	6459
2	6460
2	6462
2	6508
2	6511
2	6526
2	6537
2	6546
2	6589
2	6627
2	6647
2	6658
2	6675
2	6701
2	6723
2	6743
2	6744
2	6748
2	6753
2	6757
2	6771
2	6774
2	6791
2	6800
2	6811
2	6813
2	6838
2	6847
2	6865
2	6878
2	6893
2	6901
2	6911
2	6921
2	6933
2	6938
2	6951
2	6965
2	7029
2	7039
2	7056
2	7082
2	7088
2	7093
2	7094
2	7101
2	7109
2	7120
2	7127
2	7130
2	7135
2	7143
2	7148
2	7159
2	7178
2	7180
2	7203
2	7230
2	7253
2	7264
2	7278
2	7279
2	7280
2	7281
2	7282
2	7285
2	7288
2	7321
2	7323
2	7333
2	7340
2	7346
2	7354
2	7384
2	7390
2	7397
2	7400
2	7412
2	7415
2	7426
2	7439
2	7440
2	7443
2	7475
2	7507
2	7508
2	7512
2	7513
2	7563
2	7564
2	7579
2	7583
2	7584
2	7598
2	7695
2	7747
2	7782
2	7793
2	7802
2	7808
2	7955
2	7957
2	7977
2	7978
2	7981
2	7982
2	7983
2	7984
2	7985
2	7986
2	7987
2	7989
2	7994
2	7995
2	7997
2	7998
2	8019
2	8021
2	8022
2	8031
2	8032
2	8034
2	8036
2	8039
2	8077
2	8095
2	8098
2	8116
2	8118
2	8124
2	8125
2	8126
2	8128
2	8138
2	8143
2	8146
2	8153
2	8162
2	8179
2	8187
2	8222
2	8223
2	8243
2	8267
2	8335
2	8341
2	8377
2	8378
2	8395
2	8399
2	8407
2	8439
2	8440
2	8490
2	8529
2	8537
2	8545
2	8547
2	8550
2	8568
2	8571
2	8574
2	8577
2	8578
2	8579
2	8580
2	8591
2	8593
2	8594
2	8595
2	8597
2	8598
2	8599
2	8601
2	8606
2	8657
2	8674
2	8677
2	8683
2	8707
2	8709
2	8713
2	8728
2	8734
2	8747
2	8774
2	8780
2	8789
2	8792
2	8794
2	8796
2	8798
2	8801
2	8802
2	8803
2	8851
2	8862
2	8863
2	8871
2	8873
2	8875
2	8879
2	8895
2	8899
2	8923
2	8924
2	8958
2	8959
2	8976
2	8977
2	8978
2	8979
2	8980
2	8984
2	9002
2	9052
2	9089
2	9090
2	9091
2	9092
2	9112
2	9128
2	9134
2	9153
2	9217
2	9233
2	9236
2	9237
2	9243
2	9244
2	9260
2	9261
2	9263
2	9279
2	9294
2	9300
2	9308
2	9346
2	9347
2	9349
2	9351
2	9399
2	9401
2	9440
2	9445
2	9454
2	9461
2	9499
2	9500
2	9507
2	9513
2	9552
2	9553
2	9559
2	9564
2	9565
2	9602
2	9619
2	9649
2	9670
2	9671
2	9681
2	9694
2	9706
2	9723
2	9739
2	9749
2	9751
2	9765
2	9767
2	9772
2	9776
2	9788
2	9833
2	9839
2	9843
2	9844
2	9846
2	9847
2	9923
2	9933
2	9937
2	9940
2	9943
2	9946
2	9955
2	9958
2	10043
2	10058
2	10095
2	10100
2	10102
2	10104
2	10105
2	10106
2	10107
2	10110
2	10115
2	10120
2	10163
2	10184
2	10224
2	10227
2	10263
2	10264
2	10318
2	10320
2	10324
2	10329
2	10371
2	10381
2	10390
2	10421
2	10438
2	10447
2	10473
2	10486
2	10488
2	10504
2	10517
2	10518
2	10519
2	10521
2	10522
2	10523
2	10549
2	10576
2	10634
2	10648
2	10673
2	10678
2	10693
2	10704
2	10724
2	10746
2	10764
2	10765
2	10775
2	10830
2	10835
2	10844
2	10847
2	10850
2	10866
2	10870
2	10873
2	10882
2	10901
2	10925
2	10930
2	10932
2	10934
2	10937
2	10939
2	10940
2	10941
2	10944
2	10950
2	10951
2	10953
2	10956
2	10957
2	10958
2	10982
2	10999
2	11014
2	11032
2	11057
2	11081
2	11084
2	11087
2	11095
2	11127
2	11139
2	11143
2	11151
2	11163
2	11168
2	11173
2	11198
2	11212
2	11215
2	11246
2	11260
2	11267
2	11318
2	11319
2	11325
2	11336
2	11340
2	11363
2	11387
2	11415
2	11424
2	11428
2	11430
2	11431
2	11445
2	11456
2	11461
2	11467
2	11470
2	11471
2	11497
2	11502
2	11534
2	11536
2	11540
2	11542
2	11548
2	11565
2	11566
2	11578
2	11581
2	11624
2	11627
2	11628
2	11635
2	11660
2	11669
2	11672
2	11674
2	11685
2	11692
2	11702
2	11706
2	11743
2	11767
2	11775
2	11788
2	11802
2	11804
2	11807
2	11853
2	11876
2	11877
2	11883
2	11885
2	11890
2	11891
2	11904
2	11911
2	11912
2	11932
2	11933
2	11945
2	11946
2	12002
2	12005
2	12021
2	12025
2	12026
2	12027
2	12028
2	12046
2	12052
2	12059
2	12070
2	12071
2	12072
2	12084
2	12100
2	12110
2	12123
2	12128
2	12129
2	12135
2	12136
2	12138
2	12140
2	12149
2	12150
2	12160
2	12161
2	12162
2	12174
2	12184
2	12189
2	12195
2	12218
2	12231
2	12232
2	12234
2	12265
2	12291
2	12300
2	12320
2	12348
2	12366
2	12387
2	12389
2	12390
2	12392
2	12396
2	12397
2	12403
2	12404
2	12409
2	12413
2	12433
2	12440
2	12454
2	12470
2	12486
2	12498
2	12537
2	12549
2	12553
2	12554
2	12574
2	12589
2	12591
2	12603
2	12627
2	12631
2	12632
2	12633
2	12636
2	12639
2	12640
2	12703
2	12711
2	12721
2	12738
2	12739
2	12740
2	12815
2	12833
2	12844
2	12845
2	12850
2	12853
2	12854
2	12856
2	12880
2	12884
2	12896
2	12903
2	12908
2	12924
2	12954
2	12956
2	12981
2	12987
2	12998
2	13016
2	13021
2	13066
2	13070
2	13077
2	13089
2	13124
2	13131
2	13179
2	13188
2	13211
2	13212
2	13220
2	13236
2	13241
2	13242
2	13243
2	13245
2	13248
2	13249
2	13252
2	13313
2	13314
2	13315
2	13316
2	13319
2	13320
2	13322
2	13323
2	13326
2	13327
2	13335
2	13341
2	13358
2	13361
2	13362
2	13383
2	13423
2	13489
2	13500
2	13509
2	13518
2	13568
2	13616
2	13624
2	13625
2	13630
2	13667
2	13668
2	13678
2	13729
2	13744
2	13750
2	13753
2	13758
2	13771
2	13785
2	13795
2	13802
2	13812
2	13836
2	13845
2	13859
2	13866
2	13886
2	13887
2	13916
2	13944
2	13945
2	13946
2	13954
2	13975
2	14021
2	14032
2	14041
2	14072
2	14087
2	14123
2	14125
2	14126
2	14141
2	14142
2	14144
2	14157
2	14167
2	14175
2	14183
2	14185
2	14188
2	14190
2	14191
2	14199
2	14205
2	14245
2	14280
2	14291
2	14293
2	14301
2	14312
2	14401
2	14409
2	14464
2	14465
2	14481
2	14490
2	14522
2	14523
2	14524
2	14525
2	14547
2	14577
2	14676
2	14708
2	14709
2	14711
2	14714
2	14718
2	14721
2	14729
2	14731
2	14755
2	14771
2	14841
2	14871
2	14907
2	14931
2	14934
2	14939
2	14977
2	14980
2	14985
2	14987
2	14988
2	14994
2	14995
2	15000
2	15030
2	15113
2	15116
2	15118
2	15152
2	15174
2	15233
2	15240
2	15243
2	15260
2	15302
2	15310
2	15315
2	15321
2	15333
2	15337
2	15389
2	15390
2	15398
2	15409
2	15415
2	15436
2	15459
2	15470
2	15474
2	15481
2	15491
2	15493
2	15555
2	15557
2	15562
2	15563
2	15568
2	15569
2	15571
2	15573
2	15574
2	15575
2	15583
2	15584
2	15591
2	15596
2	15623
2	15624
2	15625
2	15641
2	15662
2	15684
2	15690
2	15698
2	15709
2	15771
2	15785
2	15800
2	15801
2	15815
2	15830
2	15851
2	15856
2	15858
2	15865
2	15871
2	15886
2	15890
2	15891
2	15893
2	15895
2	15897
2	15898
2	15899
2	15901
2	15947
2	15992
2	16079
2	16082
2	16087
2	16119
2	16143
2	16208
2	16215
2	16228
2	16230
2	16231
2	16235
2	16238
2	16239
2	16240
2	16241
2	16243
2	16244
2	16245
2	16250
2	16295
2	16297
2	16312
2	16323
2	16326
2	16349
2	16354
2	16363
2	16364
2	16372
2	16376
2	16377
2	16391
2	16400
2	16401
2	16403
2	16421
2	16423
2	16428
2	16452
2	16465
2	16496
2	16498
2	16499
2	16500
2	16501
2	16502
2	16503
2	16504
2	16513
2	16543
2	16544
2	16558
2	16561
2	16572
2	16590
2	16597
2	16618
2	16639
2	16647
2	16661
2	16672
2	16676
2	16677
2	16684
2	16687
2	16699
2	16705
2	16710
2	16715
2	16730
2	16749
2	16833
2	16869
2	16871
2	16877
2	16909
2	16912
2	16925
2	16926
2	16931
2	16936
2	16954
2	16960
2	16986
2	16990
2	16996
2	16999
2	17004
2	17033
2	17037
2	17044
2	17047
2	17050
2	17051
2	17055
2	17056
2	17057
2	17065
2	17068
2	17073
2	17074
2	17078
2	17080
2	17081
2	17089
2	17093
2	17096
2	17132
2	17133
2	17134
2	17206
2	17215
2	17227
2	17228
2	17229
2	17241
2	17244
2	17247
2	17255
2	17256
2	17258
2	17270
2	17284
2	17301
2	17317
2	17321
2	17354
2	17378
2	17391
2	17393
2	17398
2	17399
2	17430
2	17431
2	17449
2	17450
2	17459
2	17460
2	17465
2	17466
2	17468
2	17472
2	17486
2	17490
2	17502
2	17509
2	17544
2	17550
2	17554
2	17562
2	17564
2	17567
2	17568
2	17569
2	17570
2	17575
2	17582
2	17635
2	17650
2	17651
2	17684
2	17685
2	17686
2	17697
2	17700
2	17701
2	17704
2	17705
2	17706
2	17707
2	17709
2	17710
2	17712
2	17714
2	17716
2	17722
2	17724
2	17733
2	17734
2	17743
2	17806
2	17820
2	17846
2	17847
2	17848
2	17850
2	17852
2	17853
2	17855
2	17893
2	17913
2	17937
2	17948
2	17960
2	17982
2	17991
2	18001
2	18039
2	18041
2	18154
2	18187
2	18223
2	18230
2	18291
2	18299
2	18300
2	18310
2	18369
2	18375
2	18386
2	18400
2	18401
2	18405
2	18407
2	18443
2	18536
2	18553
2	18561
2	18573
2	18575
2	18576
2	18578
2	18579
2	18582
2	18583
2	18584
2	18585
2	18604
2	18617
2	18618
2	18621
2	18624
2	18628
2	18629
2	18630
2	18633
2	18636
2	18639
2	18640
2	18660
2	18661
2	18662
2	18664
2	18665
2	18678
2	18697
2	18718
2	18719
2	18729
2	18737
2	18741
2	18771
2	18777
2	18797
2	18798
2	18805
2	18817
2	18854
2	18865
2	18866
2	18867
2	18879
2	18892
2	18945
2	18946
2	18948
2	18957
2	18999
2	19050
2	19069
2	19133
2	19148
2	19149
2	19150
2	19163
2	19217
2	19219
2	19247
2	19258
2	19263
2	19293
2	19311
2	19312
2	19317
2	19346
2	19355
2	19357
2	19359
2	19381
2	19419
2	19458
2	19467
2	19469
2	19470
2	19474
2	19476
2	19483
2	19513
2	19569
2	19573
2	19578
2	19587
2	19602
2	19653
2	19717
2	19773
2	19797
2	19804
2	19823
2	19834
2	19849
2	19880
2	19898
2	19899
2	19909
2	19918
2	19934
2	19948
2	19996
2	19997
2	20015
2	20032
2	20037
2	20039
2	20054
2	20055
2	20056
2	20063
2	20084
2	20088
2	20104
2	20111
2	20117
2	20118
2	20133
2	20136
2	20143
2	20144
2	20146
2	20147
2	20148
2	20149
2	20152
2	20155
2	20189
2	20210
2	20242
2	20298
2	20359
2	20380
2	20408
2	20454
2	20455
2	20480
2	20488
2	20508
2	20555
2	20557
2	20559
2	20560
2	20586
2	20667
2	20677
2	20678
2	20679
2	20680
2	20681
2	20682
2	20700
2	20726
2	20736
2	20789
2	20796
2	20799
2	20811
2	20817
2	20818
2	20867
2	20917
2	20942
2	20985
2	20997
2	20998
2	21001
2	21029
2	21032
2	21037
2	21040
2	21055
2	21085
2	21090
2	21092
2	21095
2	21096
2	21105
2	21113
2	21120
2	21122
2	21131
2	21135
2	21137
2	21147
2	21151
2	21209
2	21221
2	21235
2	21246
2	21298
2	21299
2	21301
2	21325
2	21333
2	21384
2	21385
2	21387
2	21394
2	21400
2	21404
2	21414
2	21474
2	21520
2	21521
2	21525
2	21526
2	21547
2	21572
2	21580
2	21593
2	21615
2	21633
2	21634
2	21641
2	21672
2	21677
2	21679
2	21682
2	21769
2	21771
2	21773
2	21774
2	21775
2	21776
2	21805
2	21809
2	21812
2	21817
2	21828
2	21874
2	21908
2	21926
2	21943
2	21984
2	22014
2	22015
2	22024
2	22073
2	22079
2	22092
2	22108
2	22166
2	22190
2	22191
2	22192
2	22212
2	22225
2	22244
2	22257
2	22259
2	22262
2	22279
2	22281
2	22344
2	22350
2	22376
2	22386
2	22389
2	22400
2	22426
2	22451
2	22459
2	22479
2	22503
2	22519
2	22520
2	22523
2	22528
2	22538
2	22541
2	22551
2	22552
2	22564
2	22566
2	22570
2	22581
2	22586
2	22613
2	22653
2	22655
2	22666
2	22683
2	22716
2	22727
2	22733
2	22746
2	22783
2	22794
2	22856
2	22857
2	22858
2	22859
2	22864
