16
19
41
46
73
130
140
158
219
255
298
299
304
316
322
339
380
388
404
418
436
449
457
490
499
528
532
549
560
572
613
865
925
942
984
1070
1169
1224
1229
1230
1330
1387
1401
1650
1655
1682
1693
1711
1730
1775
1780
1790
1796
1811
1842
1849
1865
1870
1875
1920
2021
2081
2083
2110
2174
2177
2197
2228
2256
2302
2305
2340
2554
2574
2581
2733
2768
2920
2931
2974
2986
2991
3188
3251
3253
3323
3375
3376
3379
3393
3477
3542
3683
3827
3890
3944
3945
3993
4051
4059
4144
4298
4315
4353
4458
4468
4476
4611
4851
4852
4981
5129
5268
5355
5393
5422
5573
5640
5818
5819
5820
5829
5842
5888
6022
6103
6166
6224
6315
6351
6646
6767
6808
6980
7128
7160
7161
7202
7268
7308
7318
7470
7513
7523
7532
7653
7720
8194
8264
8317
8422
8543
8577
8633
8682
8704
8787
8794
8933
9001
9115
9118
9153
9183
9200
9411
9459
9569
9648
9765
9781
9854
9864
9932
10133
10246
10337
10569
10590
10659
10688
10837
10858
10873
11029
11271
11303
11383
11445
11457
11519
11587
11593
11667
11742
12002
12006
12221
12254
12347
12542
12544
12546
12561
12595
12631
12642
12682
12756
13000
13030
13045
13055
13058
