100
160
286
290
309
327
330
341
342
343
353
394
403
405
420
424
429
433
450
475
482
483
500
544
555
569
588
637
656
732
771
1005
1132
1270
1374
1417
1473
1560
1667
1668
1677
1683
1690
1722
1737
1740
1741
1743
1753
1754
1776
1789
1802
1807
1818
1822
1832
1841
1848
1859
1868
1883
1933
2018
2027
2047
2051
2082
2087
2140
2231
2246
2285
2295
2343
2352
2456
2458
2467
2475
2499
2505
2522
2524
2552
2565
2583
2594
2618
2624
2628
2653
2707
2731
2843
2898
2914
2919
2922
2924
2926
2927
2932
2937
2941
2943
2948
2957
2958
2959
2970
2971
2973
2978
2980
2981
2984
2988
2993
2999
3001
3004
3008
3011
3013
3014
3018
3019
3020
3021
4165
6185
6700
6809
9949
10408
11035
12580
12593
12607
12651
