6
8
13
20
22
24
33
35
40
44
49
59
60
61
62
64
71
195
214
253
257
259
264
268
272
282
291
303
306
318
327
332
337
338
340
341
343
349
350
355
359
363
364
366
367
368
369
370
371
373
374
375
378
389
391
411
425
437
441
509
522
539
544
552
560
561
564
568
572
575
576
577
580
585
588
590
591
592
594
596
598
600
604
606
608
611
613
615
616
618
620
621
623
624
634
635
646
649
657
674
682
686
709
741
750
762
780
782
784
811
814
831
838
840
851
854
856
858
859
860
862
865
866
868
875
890
894
902
904
919
924
930
936
944
955
960
961
966
983
989
990
991
992
993
997
1002
1009
1016
1022
1023
1034
1035
1036
1037
1038
1070
1071
1079
1080
1087
1095
1103
1107
1108
1109
1110
1111
1112
1116
1117
1118
1122
1124
1126
1127
1130
1131
1132
1133
1136
1137
1138
1139
1141
1144
1145
1167
1247
1298
1304
1305
1306
1322
1324
1327
1330
1332
1333
1334
1341
1343
1346
1347
1350
1352
1358
1360
1364
1367
1369
1372
1373
1374
1396
1407
1410
1419
1421
1435
1437
1447
1452
1457
1478
1505
1512
1524
1526
1529
1535
1543
1548
1549
1550
1553
1570
1586
1599
1610
1638
1641
1646
1656
1661
1662
1668
1669
1670
1671
1672
1680
1681
1685
1687
1689
1691
1695
1698
1700
1702
1704
1707
1710
1712
1727
1749
1758
1768
1773
1783
1805
1820
1827
1828
1833
1841
1843
1845
1850
1854
1856
1860
1869
1875
1877
1882
1890
1896
1899
1905
1909
1916
1926
1928
1929
1932
1936
1937
1941
1943
1944
1947
1951
1955
1963
1964
1967
1969
1973
1979
1985
1989
1996
2000
2004
2006
2009
2015
2016
2021
2023
2025
2026
2029
2031
2035
2037
2044
2046
2051
2053
2058
2060
2064
2065
2068
2070
2074
2075
2078
2080
2084
2085
2088
2090
2092
2096
2098
2102
2104
2107
2113
2115
2120
2122
2126
2130
2136
2140
2146
2150
2156
2158
2161
2167
2172
2178
2182
2183
2184
2186
2191
2193
2197
2199
2206
2208
2212
2214
2217
2222
2224
2226
2233
2239
2241
2246
2248
2342
2344
2345
2351
2355
2356
2361
2365
2366
2371
2373
2375
2376
2381
2383
2385
2387
2390
2398
2399
2404
2408
2409
2415
2417
2418
2421
2425
2426
2431
2435
2439
2445
2449
2455
2459
2465
2466
2469
2471
2475
2476
2479
2481
2485
2486
2489
2491
2493
2495
2496
2499
2501
2505
2506
2509
2511
2515
2519
2525
2526
2528
2530
2532
2534
2535
2538
2540
2544
2545
2548
2550
2554
2555
2558
2560
2564
2565
2568
2570
2574
2576
2583
2585
2587
2588
2591
2597
2598
2605
2606
2609
2611
2613
2615
2617
2620
2630
2640
2641
2646
2650
2651
2656
2660
2661
2666
2670
2671
2676
2680
2682
2685
2691
2692
2697
2711
2773
2784
2785
2792
2813
2824
2826
2830
2840
2853
2854
2858
2869
2876
2885
2887
2893
2900
2902
2903
2910
2913
2916
2922
2925
2927
2928
2933
2937
2938
2945
2955
2957
2960
2966
3103
3117
3124
3132
3165
3167
3170
3171
3172
3173
3177
3178
3181
3183
3184
3188
3208
3215
3277
3278
3280
3289
3321
3324
3350
3353
3358
3359
3360
3361
3364
3367
3373
3375
3376
3383
3386
3388
3389
3391
3393
3395
3399
3401
3403
3409
3415
3458
3508
3530
3533
3538
3569
3572
3580
3593
3602
3605
3627
3632
3636
3650
3654
3656
3664
3666
3668
3670
3707
3727
3728
3745
3747
3752
3754
3756
3757
3760
3761
3763
3764
3765
3766
3767
3768
3769
3772
3777
3779
3781
3783
3786
3791
3797
3800
3801
3811
3868
3893
3904
3934
3952
3955
3956
3957
3960
3964
4002
4032
4049
4050
4063
4072
4074
4078
4079
4081
4096
4097
4098
4099
4104
4105
4116
4118
4133
4140
4142
4146
4154
4160
4168
4170
4173
4214
4235
4250
4255
4270
4271
4278
4284
4289
4290
4318
4321
4326
4367
4384
4385
4406
4407
4444
4445
4447
4450
4451
4452
4455
4456
4458
4459
4460
4464
4466
4468
4472
4477
4480
4486
4496
4499
4504
4510
4536
4537
4556
4560
4568
4570
4576
4577
4584
4591
4592
4597
4598
4601
4602
4604
4605
4608
4612
4620
4622
4631
4669
4671
4675
4732
4745
4753
4756
4757
4760
4762
4765
4768
4770
4776
4780
4782
4783
4784
4818
4821
4836
4837
4840
4845
4850
4854
4858
4861
4862
4865
4867
4872
4884
4885
4888
4890
4903
4913
4919
4922
4967
4980
4986
4989
5004
5015
5020
5021
5022
5023
5024
5025
5027
5030
5031
5072
5076
5091
5125
5132
5134
5135
5141
5156
5176
5207
5212
5255
5266
5269
5270
5271
5272
5277
5278
5338
5339
5343
5352
5354
5355
5356
5357
5358
5371
5374
5376
5377
5381
5383
5384
5385
5386
5403
5409
5413
5423
5434
5438
5459
5518
5528
5543
5558
5564
5565
5568
5577
5616
5618
5632
5638
5679
5708
5709
5731
5736
5737
5738
5739
5744
5745
5746
5749
5751
5752
5753
5754
5757
5759
5760
5761
5763
5764
5771
5773
5776
5781
5788
5791
5792
5794
5800
5804
5807
5812
5813
5815
5817
5818
5821
5822
5824
5825
5827
5828
5830
5832
5833
5834
5836
5838
5840
5842
5844
5845
5847
5849
5852
5855
5859
5862
5864
5865
5866
5868
5870
5872
5874
5875
5878
5882
5886
5908
5922
5934
5939
5951
5970
5978
5981
5988
5989
5990
5991
5992
5993
5995
5996
5997
6005
6008
6069
6084
6085
6086
6094
6096
6097
6100
6104
6107
6109
6110
6115
6116
6121
6127
6132
6135
6139
6187
6201
6215
6233
6238
6253
6254
6262
6268
6274
6279
6289
6303
6324
6328
6339
6343
6357
6361
6367
6368
6373
6376
6378
6381
6382
6388
6393
6423
6436
6441
6446
6456
6463
6466
6481
6482
6491
6502
6503
6504
6505
6507
6511
6512
6513
6515
6519
6521
6523
6529
6530
6531
6532
6534
6535
6536
6539
6545
6549
6554
6555
6558
6567
6568
6581
6584
6585
6593
6596
6599
6620
6621
6630
6662
6672
6674
6678
6682
6693
6696
6733
6749
6786
6790
6796
6816
6818
6834
6863
6868
6876
6877
6921
6922
6934
6948
6951
6952
6954
6955
6958
6959
6960
7002
7003
7015
7016
7017
7018
7020
7021
7023
7024
7026
7027
7028
7029
7030
7031
7033
7036
7043
7044
7045
7046
7050
7053
7054
7058
7059
7065
7067
7068
7070
7072
7074
7075
7078
7086
7099
7104
7108
7110
7116
7121
7128
7130
7134
7136
7142
7146
7165
7172
7177
7179
7191
7193
7197
7203
7209
7231
7239
7244
7252
7255
7258
7264
7269
7284
7302
7305
7310
7311
7314
7315
7316
7318
7319
7323
7326
7327
7329
7331
7333
7335
7338
7339
7343
7350
7351
7353
7363
7385
7404
7408
7428
7462
7467
7502
7508
7517
7518
7521
7527
7530
7534
7542
7546
7555
7556
7559
7567
7572
7576
7585
7589
7605
7609
7619
7623
7635
7638
7654
7659
7671
7692
7721
7744
7792
7796
7808
7836
7837
7848
7849
7850
7851
7853
7854
7856
7857
7858
7859
7861
7862
7863
7864
7865
7866
7868
7869
7873
7875
7877
7878
7880
7882
7883
7886
7888
7889
7891
7892
7897
7898
7899
7900
7904
7912
7925
7929
7936
7940
7950
7953
7958
7965
7969
7972
7976
7985
7987
7990
7991
8003
8006
8009
8012
8021
8031
8048
8049
8051
8054
8061
8069
8089
8106
8123
8132
8140
8141
8174
8175
8176
8177
8178
8179
8193
8208
8209
8213
8214
8215
8218
8220
8222
8227
8228
8246
8272
8278
8298
8318
8319
8320
8324
8325
8326
8327
8330
8331
8339
8340
8342
8346
8349
8350
8352
8356
8358
8360
8362
8364
8365
8367
8368
8371
8372
8373
8374
8377
8378
8379
8380
8426
8440
8442
8470
8480
8485
8491
8515
8524
8528
8529
8571
8579
8586
8595
8601
8640
8648
8651
8652
8653
8655
8657
8658
8659
8660
8661
8666
8667
8668
8669
8670
8674
8682
8687
8688
8690
8692
8693
8694
8695
8696
8699
8700
8709
8716
8728
8735
8747
8748
8753
8759
8765
8779
8780
8781
8793
8794
8795
8798
8800
8802
8803
8806
8808
8810
8812
8813
8815
8816
8817
8823
8830
8855
8857
8868
8873
8882
8886
8887
8897
8908
8914
8916
8919
8920
8921
8922
8926
8934
8935
8939
8943
8944
8945
8961
9005
9017
9020
9030
9039
9040
9041
9050
9052
9053
9056
9061
9063
9064
9065
9075
9078
9082
9084
9085
9087
9095
9103
9110
9154
9171
9174
9180
9188
9191
9193
9198
9206
9209
9211
9217
9246
9282
9295
9296
9299
9304
9307
9311
9317
9321
9330
9334
9340
9341
9350
9355
9368
9379
9380
9384
9387
9407
9426
9427
9431
9435
9438
9443
9451
9452
9462
9463
9470
9475
9476
9481
9484
9490
9499
9500
9503
9511
9514
9517
9518
9521
9527
9532
9536
9545
9551
9553
9559
9585
9598
9618
9628
9649
9660
9670
9671
9673
9676
9677
9680
9685
9689
9704
9720
9721
9728
9731
9732
9743
9774
9777
9786
9790
9793
9794
9799
9800
9811
9815
9817
9818
9819
9822
9823
9827
9833
9838
9843
9844
9846
9849
9850
9852
9854
9862
9863
9865
9868
9871
9872
9873
9878
9880
9885
9886
9891
9899
9907
9912
9921
9926
9932
9935
9939
9944
9947
9960
9966
9971
9973
9976
9978
10014
10023
10044
10046
10047
10052
10057
10058
10059
10064
10067
10069
10070
10072
10073
10074
10078
10080
10081
10083
10085
10087
10092
10093
10095
10096
10098
10100
10107
10110
10164
10236
10241
10247
10267
10272
10286
10294
10300
10336
10352
10358
10361
10363
10376
10417
10430
10443
10460
10477
10500
10511
10514
10515
10516
10517
10518
10520
10521
10523
10528
10530
10534
10539
10540
10542
10550
10552
10554
10555
10557
10558
10559
10564
10566
10568
10570
10572
10574
10576
10579
10582
10585
10587
10589
10596
10605
10617
10644
10666
10674
10682
10684
10688
10694
10705
10709
10723
10728
10738
10742
10750
10755
10757
10765
10769
10775
10796
10797
10799
10802
10806
10813
10817
10825
10826
10829
10836
10838
10839
10843
10854
10855
10857
10860
10864
10878
10882
10890
10891
10894
10899
10904
10908
10918
10919
10922
10928
10933
10934
10937
10943
10948
10952
10963
10982
10986
10999
11007
11013
11020
11021
11030
11033
11034
11045
11048
11052
11060
11061
11062
11071
11076
11077
11080
11083
11086
11087
11090
11096
11099
11100
11111
11114
11115
11127
11130
11131
11134
11136
11137
11142
11143
11146
11152
11157
11158
11161
11168
11169
11179
11182
11183
11192
11202
11226
11230
11234
11239
11247
11273
11275
11355
11369
11377
11378
11379
11396
11398
11406
11424
11438
11454
11455
11465
11468
11469
11478
11481
11482
11491
11497
11498
11503
11508
11509
11516
11518
11521
11522
11532
11534
11536
11548
11553
11554
11558
11563
11566
11575
11580
11585
11586
11587
11588
11591
11603
11637
11652
11673
11686
11691
11732
11738
11739
11740
11742
11743
11744
11745
11747
11748
11749
11750
11763
11764
11770
11771
11773
11776
11782
11783
11786
11788
11790
11792
11793
11794
11797
11798
11799
11801
11804
11805
11806
11807
11808
11809
11816
11820
11822
11825
11827
11829
11830
11833
11834
11841
11842
11844
11846
11847
11848
11856
11857
11859
11860
11868
11870
11872
11873
11874
11875
11876
11877
11878
11882
11886
11887
11888
11890
11892
11894
11895
11896
11897
11898
11899
11900
11905
11912
11915
11916
11919
11921
11927
11932
11937
11943
11948
11957
11963
11967
11974
11981
11983
11984
11987
11993
11995
11997
12004
12006
12010
12012
12018
12022
12064
12065
12072
12074
12075
12076
12077
12078
12081
12090
12092
12095
12096
12097
12098
12100
12110
12111
12112
12117
12122
12124
12128
12130
12134
12151
12152
12153
12157
12185
12188
12214
12221
12234
12239
12248
12258
12267
12268
12269
12287
12301
12328
12336
12380
12396
12402
12404
12409
12423
12425
12426
12429
12430
12433
12435
12437
12438
12439
12442
12443
12444
12446
12449
12450
12455
12456
12457
12458
12459
12467
12470
12483
12493
12515
12525
12531
12535
12537
12549
12551
12553
12555
12568
12571
12573
12575
12580
12606
12611
12642
12643
12655
12657
12714
12724
12737
12772
12784
12822
12829
12847
12852
12855
12856
12857
12860
12861
12865
12871
12873
12874
12880
12884
12890
12901
12905
12909
12924
12927
12934
12950
12951
12959
12963
12995
13023
13039
13057
13080
13099
13102
13110
13116
13117
13118
13120
13121
13123
13124
13126
13127
13129
13130
13131
13135
13136
13137
13138
13141
13143
13144
13145
13153
13154
13156
13162
13164
13178
13190
13245
13250
13253
13264
13273
13277
13339
13341
13343
13344
13349
13352
13371
13379
13380
13382
13388
13390
13391
13392
13394
13397
13399
13403
13404
13409
13410
13412
13416
13417
13418
13421
13422
13423
13427
13428
13430
13431
13432
13434
13440
13449
13450
13453
13472
13486
13590
13597
13631
13634
13636
13640
13643
13645
13654
13657
13671
13676
13689
13694
13698
13701
13713
13715
13718
13728
13738
13764
13788
13797
13807
13808
13897
13899
13916
13917
13920
13925
13926
13928
13932
13933
13936
13937
13939
13943
13944
13947
13948
13950
13951
13953
13962
13969
13993
14014
14016
14030
14057
14071
14072
14085
14092
14094
14116
14120
14123
14124
14128
14131
14132
14133
14135
14137
14138
14143
14146
14147
14149
14155
14170
14173
14188
14197
14202
14205
14208
14212
14216
14218
14223
14231
14244
14250
14252
14299
14320
14335
14337
14339
14340
14341
14343
14344
14349
14353
14354
14355
14357
14368
14389
14397
14402
14409
14422
14426
14433
14436
14437
14438
14481
14544
14548
14563
14567
14575
14579
14584
14591
14641
14646
14651
14665
14693
14726
14727
14728
14729
14732
14733
14734
14738
14739
14740
14746
14749
14750
14751
14752
14756
14758
14759
14762
14764
14765
14777
14779
14780
14781
14782
14784
14787
14788
14789
14791
14795
14796
14799
14801
14804
14807
14813
14816
14827
14859
14882
14883
14890
14900
14901
14907
14909
14910
14911
14912
14913
14914
14915
14917
14918
14927
14931
14935
14937
14950
14952
14986
14999
15002
15008
15036
15039
15043
15044
15045
15046
15047
15050
15051
15052
15053
15055
15057
15058
15059
15062
15066
15070
15073
15075
15077
15082
15198
15208
15266
15276
15281
15284
15294
15309
15315
15324
15328
15332
15335
15364
15385
15388
15389
15391
15392
15412
15413
15414
15418
15420
15424
15425
15427
15434
15436
15439
15440
15441
15442
15444
15445
15447
15448
15449
15455
15457
15460
15462
15463
15464
15469
15477
15478
15480
15481
15487
15489
15490
15492
15496
15507
15514
15555
15560
15564
15585
15591
15595
15623
15677
15680
15685
15706
15708
15716
15718
15723
15745
15747
15754
15757
15768
15771
15791
15796
15802
15807
15815
15820
15821
15836
15869
15904
15911
15913
15915
15921
15922
15923
15924
15928
15929
15932
15934
15937
15938
15943
15944
15947
15954
15979
15985
15991
15998
16000
16001
16008
16013
16014
16023
16036
16037
16038
16043
16044
16047
16051
16084
16085
16128
16135
16137
16140
16146
16148
16149
16152
16154
16155
16157
16158
16161
16164
16169
16171
16175
16178
16181
16192
16252
16254
16261
16289
16312
16380
16389
16401
16402
16403
16406
16408
16409
16414
16420
16421
16422
16423
16425
16427
16428
16429
16434
16436
16437
16438
16442
16445
16447
16451
16454
16456
16460
16462
16477
16479
16482
16488
16492
16506
16507
16516
16521
16522
16525
16530
16535
16539
16551
16552
16555
16562
16564
16569
16574
16597
16601
16609
16610
16613
16616
16625
16629
16635
16643
16648
16654
16665
16675
16684
16692
16711
16713
16737
16749
16777
16794
16798
16808
16810
16812
16835
16836
16840
16841
16842
16846
16847
16849
16853
16857
16860
16861
16863
16864
16865
16866
16869
16870
16921
16922
16925
16929
16946
16964
16965
16966
16967
16969
16970
16972
16973
16974
16979
16999
17042
17043
17055
17057
17061
17088
17091
17092
17097
17100
17101
17102
17107
17109
17110
17113
17115
17116
17122
17124
17125
17130
17157
17174
17179
17194
17196
17214
17222
17227
17234
17242
17244
17254
17257
17260
17267
17269
17274
17276
17281
17285
17287
17289
17304
17320
17331
17332
17335
17336
17338
17339
17344
17346
17347
17349
17351
17354
17357
17359
17362
17365
17366
17367
17369
17376
17381
17383
17391
17422
17431
17461
17463
17465
17481
17489
17495
17503
17509
17525
17529
17531
17544
17546
17557
17567
17570
17571
17573
17580
17581
17586
17589
17590
17591
17595
17596
17598
17599
17600
17601
17602
17603
17604
17606
17619
17621
17623
17627
17628
17629
17631
17632
17635
17639
17641
17643
17660
17676
17725
17728
17738
17745
17800
17819
17822
17824
17829
17837
17843
17849
17852
17855
17864
17868
17869
17876
17893
17895
17900
17901
17904
17906
17910
17917
17921
17923
17929
17940
17948
17949
17953
17956
17966
17967
17973
17984
17986
17988
17993
17998
18107
18111
18113
18116
18117
18118
18120
18130
18131
18133
18140
18144
18151
18157
18163
18172
18177
18186
18191
18196
18204
18209
18225
18228
18236
18245
18249
18251
18275
18287
18289
18290
18298
18299
18300
18301
18302
18307
18311
18315
18316
18318
18322
18332
18333
18341
18409
18416
18435
18437
18441
18452
18460
18464
18476
18490
18496
18499
18502
18510
18519
18561
18593
18608
18609
18613
18614
18667
18716
18763
18777
18791
18806
18810
18811
18820
18825
18837
18854
18859
18885
18887
18907
18922
18934
18951
18954
18955
18956
18957
18958
18959
18975
18976
18977
18978
18982
18983
18985
18987
18989
18990
18992
18993
18994
18995
18996
19001
19004
19005
19006
19010
19015
19019
19024
19030
19033
19038
19044
19046
19055
19056
19062
19064
19074
19076
19086
19095
19101
19108
19113
19125
19131
19133
19143
19144
19145
19148
19151
19153
19159
19161
19172
19173
19179
19180
19187
19190
19192
19193
19194
19195
19197
19199
19200
19201
19202
19210
19221
19222
19224
19254
19277
19315
19316
19327
19338
19340
19344
19345
19347
19351
19353
19354
19355
19356
19358
19359
19360
19363
19367
19368
19369
19370
19371
19372
19373
19374
19375
19376
19378
19380
19382
19384
19385
19386
19395
19406
19437
19451
19461
19468
19483
19484
19485
19486
19487
19490
19499
19519
19559
19560
19564
19575
19576
19579
19580
19588
19589
19593
19601
19612
19613
19616
19619
19620
19622
19627
19629
19630
19631
19632
19634
19636
19639
19640
19641
19642
19646
19649
19652
19654
19655
19656
19658
19659
19660
19661
19662
19663
19671
19672
19700
19720
19722
19732
19741
19743
19749
19794
19804
19807
19808
19813
19822
19823
19824
19830
19834
19835
19839
19843
19844
19845
19846
19847
19849
19852
19860
19861
19864
19865
19868
19873
19882
19892
19931
19956
19998
20004
20011
20020
20038
20045
20066
20074
20094
20132
20135
20146
20147
20157
20158
20162
20164
20167
20168
20175
20180
20181
20188
20190
20206
20213
20217
20219
20226
20228
20229
20230
20232
20235
20237
20298
20299
20300
20302
20308
20314
20319
20324
20325
20327
20328
20329
20333
20335
20338
20340
20342
20346
20347
20349
20351
20352
20357
20359
20363
20371
20373
20375
20379
20380
20384
20385
20388
20391
20392
20393
20401
20418
20422
20429
20435
20441
20445
20456
20457
20460
20464
20467
20473
20479
20483
20490
20494
20503
20507
20518
20522
20531
20532
20535
20537
20543
20548
20552
20559
20563
20573
20577
20617
20620
20636
20643
20658
20668
20670
20671
20675
20676
20708
20773
20774
20798
20800
20803
20805
20808
20811
20814
20815
20816
20817
20823
20826
20828
20829
20831
20832
20857
20864
20865
20868
20874
20875
20878
20892
20896
20900
20901
20906
20908
20914
20929
20945
20947
20952
20979
21004
21005
21024
21025
21030
21036
21038
21040
21045
21046
21047
21048
21049
21050
21051
21053
21056
21059
21060
21061
21065
21068
21070
21082
21101
21108
21110
21115
21120
21150
21151
21153
21165
21168
21171
21201
21217
21218
21232
21234
21235
21239
21241
21243
21247
21253
21254
21255
21256
21257
21258
21266
21269
21271
21273
21274
21276
21277
21279
21281
21283
21291
21294
21296
21308
21317
21371
21376
21378
21472
21499
21514
21522
21538
21539
21548
21553
21597
21605
21608
21619
21624
21630
21631
21636
21644
21646
21657
21659
21668
21714
21732
21755
21814
21815
21816
21823
21840
21841
21844
21845
21846
21848
21849
21851
21852
21853
21854
21856
21857
21858
21859
21860
21863
21865
21867
21869
21871
21873
21877
21887
21889
21964
22011
22027
22031
22063
22091
22153
22156
22157
22158
22159
22160
22161
22209
22210
22212
22217
22218
22219
22226
22227
22228
22232
22233
22234
22235
22236
22240
22241
22246
22284
22288
22297
22298
22301
22305
22308
22309
22312
22316
22319
22323
22336
22339
22354
22357
22358
22372
22376
22377
22382
22384
22387
22393
22394
22399
22400
22401
22402
22404
22414
22417
22418
22419
22420
22421
22422
22423
22425
22426
22429
22431
22432
22435
22436
22438
22439
22442
22446
22452
22454
22455
22457
22462
22468
22470
22471
22472
22473
22479
22481
22490
22501
22504
22505
22575
22576
22586
22597
22598
22600
22602
22611
22612
22614
22617
22619
22620
22621
22622
22627
22628
22630
22633
22636
22637
22640
22642
22643
22646
22654
22656
22657
22659
22660
22662
22663
22665
22671
22676
22680
22690
22693
22703
22706
22711
22718
22723
22727
22734
22735
22736
22742
22748
22754
22759
22778
22780
22784
22811
22817
22823
22843
22849
22858
22872
22873
22875
22880
22883
22894
22895
22896
22898
22900
22902
22903
22905
22909
22911
22916
22917
22919
22920
22922
22924
22925
22926
22932
22934
22937
22938
22942
22944
22946
22948
22950
22953
22966
22983
23014
23037
23039
23087
23169
23195
23198
23207
23223
23246
23248
23249
23250
23251
23259
23266
23285
23288
23294
23296
23299
23304
23305
23306
23307
23308
23309
23310
23311
23313
23317
23321
23323
23327
23328
23332
23334
23336
23338
23339
23340
23341
23342
23343
23345
23349
23351
23352
23356
23360
23361
23362
23365
23367
23369
23372
23386
23387
23398
23414
23417
23420
23447
23448
23451
23458
23461
23465
23469
23472
23479
23484
23493
23494
23496
23501
23510
23515
23519
23533
23534
23537
23553
23558
23559
23562
23565
23576
23578
23583
23593
23595
23599
23603
23618
23622
23625
23645
23646
23649
23659
23664
23665
23668
23676
23681
23686
23690
23696
23705
23776
23780
23795
23810
23846
23865
23869
23874
23883
23887
23897
23905
23906
23909
23911
23924
23929
23933
23939
23940
23943
23949
23952
23956
23971
23972
23975
23987
23992
23993
23996
24006
24008
24011
24015
24029
24033
24034
24049
24050
24054
24062
24064
24068
24073
24076
24078
24082
24093
24098
24102
24115
24116
24119
24141
24146
24147
24150
24154
24166
24167
24170
24184
24185
24189
24202
24205
24206
24209
24220
24231
24288
24313
24337
24356
24363
24365
24369
24373
24381
24387
24398
24399
24404
24405
24409
24412
24417
24423
24431
24432
24435
24437
24439
24455
24460
24464
24475
24480
24505
24534
24537
24554
24557
24568
24572
24584
24585
24587
24589
24590
24592
24593
24595
24597
24599
24600
24602
24604
24605
24607
24609
24610
24612
24613
24616
24617
24619
24622
24626
24627
24629
24631
24632
24635
24646
24656
24662
24667
24673
24675
24684
24690
24694
24703
24723
24724
24725
24726
24732
24738
24747
24750
24751
24755
24756
24758
24761
24762
24770
24771
24773
24774
24775
24776
24778
24779
24780
24784
24786
24788
24803
24809
24818
24831
24847
24853
24871
24883
24889
24898
24917
24934
24947
24954
24968
24971
24972
24980
25004
25017
25021
25033
25039
25042
25065
25071
25084
25090
25101
25104
25131
25153
25156
25178
25179
25201
25204
25207
25211
25214
25219
25220
25221
25223
25225
25226
25227
25236
25248
25254
25256
25260
25262
25264
25276
25302
25303
25306
25309
25312
25319
25323
25330
25337
25341
25342
25345
25351
25353
25356
25361
25362
25365
25372
25375
25376
25379
25383
25388
25389
25392
25396
25401
25405
25418
25419
25422
25426
25431
25432
25434
25438
25443
25444
25447
25454
25463
25465
25469
25470
25481
25489
25499
25502
25503
25511
25513
25516
25517
25525
25529
25530
25533
25544
25550
25555
25556
25563
25568
25569
25576
25581
25582
25585
25591
25594
25595
25598
25604
25609
25613
25626
25630
25642
25646
25649
25659
25683
25684
25687
25695
25697
25700
25701
25704
25709
25712
25714
25717
25718
25721
25726
25742
25744
25749
25770
25782
25833
25897
25915
25924
25938
25952
25960
25978
25980
25982
26000
26001
26003
26007
26011
26014
26015
26022
26025
26028
26040
26046
26050
26055
26056
26059
26067
26070
26075
26076
26079
26090
26105
26108
26120
26121
26125
26128
26144
26151
26214
26215
26227
26236
26257
26260
26264
26266
26268
26269
26271
26273
26275
26278
26281
26286
26287
26288
26293
26294
26296
26297
26298
26299
26300
26305
26306
26310
26313
26314
26315
26322
26327
26328
26331
26332
26334
26336
26342
26348
26358
26402
26410
26415
26420
26422
26425
26430
26443
26455
26471
26486
26492
26494
26506
26570
26581
26583
26585
26587
26636
26644
26660
26666
26667
26668
26694
26697
26701
26702
26703
26706
26710
26711
26712
26713
26717
26721
26725
26728
26730
26731
26734
26736
26737
26738
26746
26748
26749
26750
26752
26753
26755
26758
26764
26766
26774
26775
26776
26783
26789
26793
26845
26852
26873
26886
26890
26902
26903
26906
26911
26913
26916
26920
26931
26932
26935
26942
26946
26950
26966
26967
26972
26975
26978
26979
26982
26989
26994
26995
26999
27008
27012
27018
27019
27022
27024
27035
27038
27039
27042
27051
27053
27055
27056
27061
27065
27074
27078
27087
27091
27100
27101
27104
27109
27111
27114
27159
27162
27166
27169
27190
27200
27202
27204
27244
27256
27280
27287
27293
27301
27317
27336
27371
27384
27420
27421
27427
27430
27431
27433
27435
27452
27454
27455
27462
27464
27465
27468
27469
27470
27471
27472
27474
27481
27483
27490
27491
27496
27497
27500
27505
27510
27513
27517
27519
27524
27526
27528
27530
27532
27533
27535
27537
27543
27545
27551
27553
27558
27575
27589
27629
27637
27646
27648
27651
27655
27656
27657
27663
27676
27677
27680
27683
27685
27686
27717
27736
27762
27767
27779
27784
27802
27810
27818
27821
27829
27840
27843
27859
27886
27896
27904
27928
27990
27993
27995
27996
27997
27998
27999
28063
28075
28077
28078
28081
28083
28092
28095
28096
28097
28099
28102
28103
28104
28105
28106
28108
28118
28122
28123
28125
28129
28131
28134
28141
28142
28144
28145
28146
28147
28148
28152
28155
28157
28163
28164
28168
28173
28177
28179
28180
28182
28191
28192
28198
28202
28204
28205
28211
28218
28219
28223
28228
28229
28231
28240
28242
28245
28246
28248
28250
28253
28255
28256
28266
28268
28270
28272
28273
28274
28275
28276
28278
28280
28287
28289
28291
28301
28302
28305
28306
28310
28312
28314
28322
28323
28325
28327
28330
28332
28337
28338
28339
28341
28342
28343
28345
28351
28380
28397
28398
28400
28401
28402
28403
28404
28405
28406
28431
28438
28442
28448
28453
28480
28481
28485
28486
28495
28549
28554
28557
28558
28578
28579
28591
28592
28621
28626
28630
28631
28632
28633
28635
28636
28638
28653
28663
28664
28665
28666
28670
28671
28672
28674
28675
28677
28678
28680
28681
28688
28693
28707
28710
28712
28721
28722
28723
28724
28725
28727
28728
28732
28733
28736
28738
28739
28740
28741
28744
28745
28746
28748
28749
28750
28752
28753
28754
28755
28757
28760
28761
28763
28764
28766
28768
28769
28772
28774
28776
28777
28778
28779
28783
28784
28786
28787
28790
28792
28796
28797
28798
28799
28801
28805
28808
28810
28811
28812
28814
28840
28876
28883
28893
28895
28899
28904
28914
28918
28931
28943
28950
28972
28978
28986
29034
29038
29058
29060
29065
29066
29069
29070
29072
29074
29081
29083
29086
29088
29090
29091
29096
29097
29099
29102
29103
29107
29108
29109
29110
29113
29115
29116
29118
29119
29120
29125
29126
29127
29128
29146
29150
29164
29166
29184
29202
29204
29278
29294
29306
29321
29322
29327
29331
29335
29336
29338
29339
29340
29343
29346
29348
29349
29351
29352
29353
29355
29357
29358
29361
29362
29363
29367
29368
29372
29376
29377
29378
29379
29380
29381
29382
29383
29385
29387
29402
29403
29416
29426
29432
29468
29470
29475
29480
29486
29492
29509
29512
29515
29516
29527
29533
29535
29543
29549
29551
29554
29571
29575
29576
29577
29588
29616
29623
29692
29699
29700
29701
29716
29718
29723
29724
29727
29731
29734
29735
29738
29739
29740
29742
29747
29749
29754
29757
29765
29774
29780
29787
29796
29801
29807
29812
29818
29825
29834
29840
29850
29855
29869
29875
29883
29893
29897
29941
29963
29967
29972
29973
29974
29975
29976
29978
29979
29980
29981
29983
29985
29987
29990
29991
29992
29993
29994
29998
30000
30004
30005
30006
30008
30018
30021
30081
30107
30112
30119
30147
30149
30150
30161
30191
30197
30199
30203
30204
30207
30208
30209
30210
30211
30212
30215
30218
30222
30226
30227
30228
30230
30237
30239
30241
30250
30253
30293
30305
30311
30330
30337
30339
30346
30352
30364
30381
30416
30458
30459
30465
30466
30470
30474
30494
30496
30499
30502
30510
30512
30515
30516
30518
30520
30521
30594
30595
30612
30625
30650
30654
30656
30657
30659
30660
30697
30701
30705
30706
30707
30732
30733
30735
30736
30737
30740
30742
30743
30744
30746
30758
30761
30763
30764
30773
30775
30779
30780
30784
30790
30791
30798
30824
30830
30858
30928
30960
30971
31011
31019
31024
31032
31038
31042
31052
31055
31057
31067
31071
31079
31083
31091
31095
31102
31106
31115
31119
31127
31128
31131
31136
31138
31141
31142
31145
31147
31153
31154
31157
31163
31167
31171
31181
31185
31193
31197
31206
31210
31218
31219
31222
31225
31229
31230
31233
31238
31241
31242
31245
31247
31252
31255
31256
31259
31264
31267
31270
31271
31274
31277
31278
31281
31285
31305
31321
31322
31325
31326
31330
31336
31339
31340
31343
31347
31350
31351
31354
31358
31361
31362
31365
31367
31370
31371
31374
31378
31381
31382
31385
31390
31393
31398
31402
31412
31413
31416
31420
31423
31428
31439
31443
31452
31453
31456
31461
31463
31464
31465
31468
31474
31477
31478
31481
31488
31493
31497
31509
31513
31519
31523
31530
31534
31543
31547
31555
31559
31567
31571
31579
31583
31591
31595
31603
31607
31616
31617
31620
31624
31626
31629
31639
31640
31643
31645
31650
31651
31654
31657
31659
31664
31665
31666
31669
31670
31673
31678
31679
31685
31686
31692
31693
31695
31703
31715
31730
31737
31744
31755
31769
31770
31773
31778
31783
31787
31794
31798
31806
31812
31816
31827
31831
31835
31841
31842
31845
31850
31852
31855
31859
31870
31874
31878
31885
31886
31889
31893
31898
31899
31902
31906
31908
31911
31916
31928
31932
31934
31937
31947
31953
31954
31957
31962
31967
31971
31976
31977
31982
31989
31994
31995
31998
32004
32007
32008
32013
32021
32024
32025
32028
32030
32032
32038
32040
32046
32047
32055
32058
32071
32085
32093
32097
32106
32107
32110
32117
32120
32124
32130
32136
32140
32146
32150
32160
32164
32172
32176
32183
32184
32187
32192
32195
32196
32199
32204
32207
32208
32211
32214
32218
32244
32276
32278
32288
32289
32296
32299
32300
32306
32309
32320
32323
32329
32365
32369
32373
32379
32393
32405
32430
32463
32541
32546
32547
32579
32580
32583
32590
32595
32596
32602
32605
32606
32609
32613
32618
32630
32634
32644
32655
32656
32659
32663
32668
32669
32681
32684
32688
32700
32704
32716
32730
32744
32758
32774
32784
32794
32805
32819
32831
32843
32849
32861
32862
32868
32871
32872
32879
32881
32884
32885
32889
32895
32899
32900
32907
32910
32911
32917
32920
32921
32927
32930
32931
32937
32940
32952
32974
33018
33021
33035
33047
33059
33069
33079
33091
33092
33099
33102
33103
33106
33110
33112
33115
33125
33135
33145
33155
33156
33162
33165
33166
33172
33182
33185
33186
33187
33189
33195
33200
33211
33220
33221
33223
33246
33255
33259
33268
33272
33283
33287
33290
33303
33304
33307
33310
33315
33319
33331
33332
33335
33340
33345
33346
33349
33355
33360
33361
33364
33370
33375
33376
33379
33384
33389
33393
33404
33408
33419
33420
33434
33439
33440
33443
33448
33451
33456
33464
33468
33476
33477
33483
33484
33487
33497
33500
33505
33506
33509
33517
33522
33523
33526
33529
33532
33537
33542
33543
33546
33561
33566
33567
33570
33577
33582
33586
33594
33598
33608
33612
33627
33631
33640
33649
33667
33671
33679
33683
33694
33698
33705
33709
33714
33715
33718
33723
33725
33728
33729
33732
33737
33742
33743
33746
33749
33753
33757
33771
33772
33774
33779
33782
33786
33794
33798
33830
33840
33855
33877
33881
33885
33889
33893
33905
33911
33915
33919
33924
33928
33957
33961
33965
34001
34004
34009
34012
34047
34059
34079
34090
34095
34113
34124
34127
34135
34139
34148
34152
34161
34165
34176
34177
34180
34182
34185
34186
34189
34193
34195
34198
34202
34211
34215
34222
34230
34231
34234
34238
34243
34244
34247
34253
34259
34264
34272
34276
34285
34293
34297
34313
34317
34322
34326
34330
34338
34348
34351
34360
34372
34375
34384
34389
34404
34406
34409
34420
34425
34428
34432
34438
34439
34443
34444
34449
34453
34454
34460
34466
34482
34494
34496
34500
34509
34567
34572
34579
34584
34587
34592
34595
34604
34616
34641
34679
34681
34685
34686
34704
34710
34731
34751
34788
34794
34795
34798
34808
34810
34816
34818
34825
34836
34839
34857
34858
34883
34914
34935
34967
34997
35000
35002
35004
35006
35012
35015
35020
35023
35024
35025
35028
35034
35046
35050
35051
35053
35056
35066
35071
35097
35109
35111
35114
35121
35123
35124
35126
35128
35134
35135
35141
35142
35143
35144
35147
35148
35151
35152
35154
35158
35160
35162
35163
35164
35165
35167
35169
35170
35171
35172
35173
35174
35175
35176
35178
35180
35182
35189
35191
35195
35247
35255
35264
35267
35269
35284
35323
35333
35346
35347
35359
35375
35378
35383
35407
35423
35451
35490
35509
35510
35512
35516
35517
35518
35519
35522
35524
35532
35535
35536
35538
35543
35545
35555
35558
35559
35562
35563
35565
35569
35571
35572
35574
35577
35578
35579
35580
35582
35583
35584
35586
35587
35589
35591
35592
35600
35601
35609
35610
35611
35614
35618
35619
35620
35621
35622
35623
35625
35626
35627
35630
35632
35633
35635
35641
35642
35643
35645
35646
35647
35648
35649
35650
35652
35654
35655
35656
35658
35659
35660
35662
35663
35666
35668
35670
35672
35673
35677
35678
35682
35685
35694
35731
35734
35738
35739
35740
35741
35742
35743
35744
35755
35756
35758
35759
35761
35762
35763
35766
35770
35771
35772
35774
35777
35778
35784
35786
35788
35789
35818
35824
35831
35836
35851
35868
35879
35880
35881
35882
35884
35885
35886
35898
35899
35900
35901
35904
35905
35909
35913
35915
35918
35919
35922
35924
35926
35931
35934
35937
35967
35971
36050
36063
36064
36069
36070
36071
36072
36073
36075
36076
36128
36152
36170
36173
36190
36192
36198
36207
36209
36210
36217
36218
36221
36226
36227
36228
36262
36280
36286
36298
36299
36300
36308
36314
36321
36322
36323
36326
36329
36330
36331
36333
36335
36336
36347
36350
36390
36403
36407
36409
36431
36464
36492
36493
36496
36503
36508
36522
36532
36533
36536
36539
36544
36559
36567
36568
36576
36577
36584
36589
36605
36606
36616
36621
36622
36628
36632
36637
36638
36644
36649
36650
36656
36661
36662
36668
36673
36674
36680
36685
36686
36696
36701
36702
36708
36713
36714
36717
36720
36723
36727
36746
36772
36784
36786
36811
36828
36838
36840
36846
36859
36874
36890
36892
36893
36894
36895
36896
36897
36898
36899
36904
36905
36906
36907
36908
36911
36912
36914
36916
36919
36920
36922
36931
36932
36948
36953
36963
36967
36973
36979
36980
36983
36988
36989
36994
36999
37000
37003
37008
37011
37012
37015
37023
37025
37028
37029
37032
37035
37044
37110
37116
37120
37126
37132
37133
37136
37142
37147
37148
37151
37153
37156
37157
37160
37163
37166
37172
37176
37184
37188
37194
37198
37204
37208
37216
37220
37222
37233
37237
37243
37247
37253
37257
37264
37268
37279
37283
37292
37293
37306
37308
37310
37311
37312
37318
37319
37325
37330
37331
37334
37337
37348
37354
37355
37372
37376
37380
37386
37389
37403
37417
37433
37469
37474
37476
37482
37509
37550
37551
37554
37555
37556
37560
37566
37589
37599
37600
37610
37693
37729
37760
37761
37762
37763
37788
37789
37790
37793
37794
37797
37798
37802
37803
37806
37811
37813
37814
37815
37817
37818
37819
37820
37825
37826
37827
37828
37829
37831
37833
37892
37906
37911
37922
37924
37940
37950
37953
37960
37988
37994
38001
38004
38010
38034
38043
38067
38074
38184
38478
38480
38493
38499
38501
38502
38503
38507
38509
38510
38513
38514
38515
38517
38518
38520
38521
38522
38526
38532
38540
38582
38613
38621
38625
38634
38635
38638
38648
38653
38654
38657
38660
38663
38668
38673
38674
38677
38684
38685
38688
38693
38696
38699
38700
38703
38706
38709
38713
38720
38724
38731
38732
38735
38738
38742
38743
38746
38749
38752
38753
38756
38759
38764
38765
38768
38771
38774
38779
38780
38783
38788
38791
38796
38802
38806
38814
38815
38818
38821
38824
38825
38828
38832
38835
38839
38848
38849
38852
38855
38858
38859
38862
38867
38870
38873
38874
38877
38880
38885
38889
38897
38898
38901
38904
38907
38911
38919
38923
38931
38935
38941
38945
38951
38955
38961
38965
38968
38987
39005
39009
39015
39019
39023
39036
39040
39045
39048
39100
39101
39104
39108
39111
39112
39115
39118
39121
39122
39125
39130
39133
39134
39137
39140
39143
39144
39147
39151
39154
39155
39158
39161
39164
39168
39176
39180
39190
39194
39202
39206
39212
39213
39216
39221
39226
39227
39230
39233
39236
39240
39248
39252
39258
39259
39262
39264
39270
39273
39274
39277
39282
39287
39289
39293
39294
39297
39300
39303
39304
39307
39310
39313
39314
39317
39320
39323
39327
39333
39334
39337
39340
39343
39344
39347
39350
39355
39356
39359
39363
39368
39369
39372
39375
39380
39381
39384
39387
39390
39394
39400
39404
39414
39418
39425
39429
39435
39439
39448
39452
39458
39463
39472
39477
39486
39490
39496
39500
39508
39517
39521
39531
39535
39543
39547
39561
39569
39572
39576
39611
39615
39623
39627
39637
39641
39647
39652
39658
39659
39662
39665
39668
39669
39674
39677
39680
39685
39736
39777
39780
39787
39790
39794
39804
39810
39814
39831
39832
39838
39839
39841
39843
39844
39847
39849
39851
39854
39857
39858
39861
39863
39870
39874
39878
39885
39889
39898
39902
39909
39910
39913
39917
39920
39921
39924
39927
39930
39931
39934
39938
39954
39957
39965
39972
39976
39977
39979
39982
39986
39987
39990
39991
39992
39993
39995
40001
40002
40003
40006
40007
40008
40009
40010
40011
40014
40017
40021
40043
40054
40058
40068
40072
40073
40077
40078
40080
40083
40087
40091
40092
40096
40104
40108
40115
40121
40124
40141
40156
40157
40158
40173
40175
40192
40193
40196
40201
40204
40218
40219
40222
40225
40228
40232
40233
40236
40240
40245
40246
40249
40258
40259
40262
40269
40275
40276
40279
40288
40290
40296
40301
40302
40305
40309
40314
40318
40379
40388
40403
40426
40427
40435
40437
40442
40445
40447
40449
40450
40451
40453
40455
40457
40458
40460
40463
40465
40468
40469
40470
40472
40474
40476
40481
40488
40493
40496
40497
40513
40515
40516
40518
40521
40524
40559
40584
40589
40612
40620
40622
40629
40643
40654
40660
40684
40689
40692
40697
40698
40700
40703
40707
40710
40720
40724
40738
40739
40742
40745
40748
40753
40754
40757
40760
40764
40768
40776
40780
40785
40793
40794
40797
40800
40803
40804
40807
40812
40815
40819
40827
40831
40839
40840
40843
40846
40849
40850
40853
40859
40863
40864
40867
40870
40874
40877
40878
40881
40882
40887
40889
40892
40893
40896
40899
40902
40906
40921
40929
40933
40943
40953
40954
40957
40960
40963
40967
40975
40979
40985
40989
40997
41001
41009
41013
41024
41030
41036
41040
41046
41047
41050
41055
41058
41059
41063
41068
41071
41075
41082
41083
41086
41090
41092
41095
41099
41101
41113
41114
41125
41138
41163
41173
41177
41179
41237
41277
41305
41327
41328
41329
41334
41335
41337
41340
41344
41353
41356
41387
41395
41398
41399
41406
41411
41412
41415
41420
41425
41436
41451
41455
41468
41483
41484
41487
41498
41503
41504
41506
41509
41526
41527
41538
41543
41553
41554
41556
41560
41574
41592
41603
41604
41615
41620
41650
41660
41666
41677
41678
41685
41689
41692
41693
41703
41708
41720
41721
41730
41733
41734
41747
41749
41752
41753
41759
41762
41763
41772
41774
41777
41815
41821
41822
41825
41830
41833
41834
41837
41841
41844
41848
41856
41860
41868
41869
41872
41873
41887
41892
41903
41907
41915
41916
41919
41924
41928
41932
41936
41949
41950
41953
41958
41960
41963
41964
41969
41971
41974
41975
41978
41983
41987
41988
41991
41994
41997
42001
42013
42017
42019
42025
42031
42035
42039
42045
42049
42057
42061
42069
42073
42080
42081
42084
42089
42092
42093
42096
42100
42103
42108
42115
42119
42127
42131
42145
42149
42157
42161
42172
42173
42176
42181
42184
42185
42188
42194
42197
42198
42201
42206
42211
42212
42215
42225
42230
42234
42242
42246
42254
42255
42257
42259
42262
42268
42272
42279
42283
42290
42291
42294
42299
42302
42321
42325
42334
42338
42343
42349
42400
42433
42436
42440
42455
42469
42480
42481
42482
42493
42497
42512
42513
42522
42524
42529
42533
42534
42542
42547
42548
42556
42560
42569
42571
42594
42597
42601
42626
42650
43248
43249
43251
43252
43253
43255
43259
43262
43264
43265
43266
43273
43274
43277
43283
43284
43288
43289
43292
43293
43296
43297
43298
43299
43301
43302
43306
43307
43308
43312
43325
43328
43384
43393
43397
43403
43408
43410
43423
43424
43435
43447
43449
43453
43467
43476
43510
43520
43521
43522
43534
43538
43545
43546
43547
43551
43560
43565
43577
43629
43654
43655
43662
43664
43667
43668
43677
43680
43691
43692
43699
43707
43713
43719
43725
43731
43737
43738
43746
43749
43750
43756
43760
43764
43776
43789
43790
43798
43800
43805
43817
43818
43826
43831
43840
43854
43864
43865
43872
43875
43890
43906
43912
43918
43934
43956
43970
44026
44104
44107
44235
44238
44239
44240
44242
44243
44245
44246
44248
44249
44250
44251
44252
44254
44256
44257
44261
44273
44274
44282
44287
44288
44296
44299
44305
44306
44313
44316
44317
44324
44327
44339
44351
44365
44376
44381
44382
44391
44394
44408
44420
44432
44433
44442
44445
44446
44451
44454
44455
44460
44463
44464
44469
44474
44475
44484
44486
44489
44490
44496
44499
44500
44506
44509
44510
44516
44519
44520
44527
44530
44531
44541
44553
44561
44562
44570
44572
44575
44576
44582
44587
44588
44590
44595
44601
44604
44610
44611
44618
44620
44623
44624
44631
44636
44637
44644
44649
44650
44657
44660
44661
44667
44672
44681
44682
44689
44691
44694
44700
44711
44721
44733
44734
44742
44745
44746
44754
44757
44758
44766
44769
44780
44781
44783
44786
44787
44795
44800
44801
44815
44825
44826
44832
44835
44845
44855
44867
44868
44875
44878
44879
44887
44890
44902
44903
44912
44920
44921
44922
44923
44926
44927
44931
44934
44935
44936
44937
44944
44947
44948
44952
44999
45004
45020
45026
45046
45050
45053
45062
45068
45096
45103
45114
45199
45241
45242
45243
45245
45291
45306
45307
45309
45312
45314
45316
45317
45321
45322
45323
45325
45326
45327
45328
45329
45330
45333
45340
45347
45351
45420
45421
45424
45425
45426
45433
45434
45436
45437
45438
45440
45442
45443
45445
45446
45447
45452
45456
45460
45465
45466
45468
45471
45472
45473
45476
45477
45478
45480
45481
45484
45517
45583
45588
45601
45606
45623
45628
45636
45638
45647
45656
45658
45661
45665
45668
45670
45687
45695
45701
45708
45713
45748
45754
45756
45758
45761
45762
45763
45764
45765
45767
45778
45779
45784
45787
45790
45795
45799
45800
45805
45808
45812
45814
45815
45816
45820
45822
45823
45825
45831
45833
45837
45842
45843
45847
45849
45889
45897
45906
45908
45915
45921
45934
45944
45951
45954
45957
45960
45963
45972
45985
45986
45989
45996
45998
46006
46008
46058
46086
46155
46157
46158
46169
46177
46185
46191
46192
46195
46196
46197
46204
46221
46224
46225
46229
46230
46234
46238
46239
46242
46244
46246
46248
46251
46254
46256
46259
46261
46266
46267
46269
46271
46277
46284
46286
46287
46288
46289
46290
46295
46328
46329
46331
46336
46337
46342
46345
46346
46348
46351
46357
46365
46369
46379
46383
46397
46401
46412
46416
46418
46431
46432
46434
46439
46440
46442
46445
46446
46454
46459
46465
46479
46488
46489
46493
46497
46500
46542
46547
46553
46559
46575
46578
46607
46609
46611
46613
46623
46625
46631
46632
46634
46670
46698
46708
46728
46734
46737
46739
46745
46746
46751
46752
46754
46789
46808
46815
46828
46830
46831
46832
46834
46837
46838
46841
46843
46845
46854
46855
46856
46860
46866
46867
46868
46870
46871
46873
46874
46875
46878
46879
46887
46895
46901
46914
46916
46924
46931
46966
46974
46983
46988
46999
47004
47013
47015
47062
47087
47091
47092
47098
47099
47102
47105
47106
47107
47108
47109
47117
47122
47129
47131
47132
47135
47136
47138
47140
47143
47145
47149
47150
47157
47160
47162
47171
47177
47183
47187
47223
47226
47229
47232
47247
47251
47253
47255
47257
47345
47358
47365
47367
47375
47380
47386
47390
47391
47398
47409
47410
47412
47413
47415
47416
47418
47420
47424
47425
47426
47427
47428
47429
47430
47434
47435
47444
47449
47451
47452
47457
47461
47462
47463
47465
47477
47481
47491
47493
47495
47502
47532
47540
47544
47547
47556
47560
47570
47574
47578
47592
47609
47614
47620
47625
47631
47635
47641
47646
47654
47655
47658
47664
47669
47673
47694
47695
47698
47706
47709
47733
47750
47759
47777
47792
47801
47802
47807
47810
47818
47821
47830
47838
47854
47855
47865
47892
47916
47939
48014
48043
48045
48046
48052
48053
48055
48056
48057
48058
48059
48064
48066
48069
48072
48073
48076
48085
48101
48125
48130
48131
48149
48152
48155
48190
48200
48229
48230
48239
48270
48286
48291
48293
48294
48295
48298
48300
48305
48306
48308
48310
48315
48317
48320
48321
48344
48349
48354
48356
48362
48364
48373
48384
48395
48409
48425
48444
48449
48455
48457
48467
48482
48490
48495
48502
48521
48530
48535
48541
48556
48564
48568
48580
48590
48606
48639
48640
48659
48660
48663
48671
48676
48679
48680
48681
48683
48684
48689
48693
48695
48696
48700
48703
48705
48707
48709
48712
48713
48716
48719
48722
48724
48726
48728
48729
48730
48731
48733
48734
48738
48740
48742
48743
48744
48746
48748
48749
48750
48758
48759
48762
48763
48770
48804
48808
48811
48830
48834
48837
48856
48869
48885
48899
48908
48940
48948
48958
48973
48974
48986
48989
48993
48998
49014
49017
49026
49027
49029
49031
49035
49036
49037
49038
49039
49042
49046
49048
49050
49051
49052
49054
49055
49057
49059
49060
49061
49062
49063
49064
49066
49068
49072
49074
49087
49089
49091
49096
49115
49207
49216
49222
49225
49228
49252
49253
49256
49262
49265
49266
49269
49273
49276
49277
49280
49285
49288
49298
49308
49312
49318
49325
49350
49357
49370
49390
49398
49420
49451
49452
49495
49560
49564
49566
49570
49596
49597
49612
49614
49616
49618
49622
49636
49638
49643
49645
49656
49660
49664
49670
49674
49678
49683
49728
49753
49757
49764
49780
49782
49784
49786
49788
49792
49794
49798
49800
49802
49807
49823
49828
49830
49831
49851
49861
49863
49933
49939
49965
49972
49974
49987
49994
49996
50009
50010
50011
50012
50014
50017
50020
50025
50027
50029
50030
50032
50037
50040
50082
50107
50111
50113
50118
50122
50126
50129
50135
50144
50145
50148
50149
50151
50155
50158
50159
50161
50164
50167
50169
50171
50177
50200
50236
50242
50243
50302
50306
50309
50312
50329
50353
50389
50390
50391
50395
50396
50397
50398
50399
50400
50402
50403
50404
50406
50408
50410
50411
50412
50413
50414
50415
50417
50418
50423
