6
8
10
13
17
20
22
24
28
31
33
35
37
42
44
46
49
56
57
60
62
63
65
71
91
102
106
110
114
119
121
141
148
202
212
214
219
223
232
257
259
262
264
267
268
270
326
328
329
330
331
332
333
335
338
340
341
343
344
345
347
348
351
353
355
356
357
359
361
363
364
366
367
370
371
372
374
375
378
385
389
391
401
419
423
425
427
429
452
480
482
492
507
511
514
539
552
553
556
557
558
559
560
561
562
563
564
565
566
567
568
569
573
574
577
580
582
585
588
590
591
596
598
600
602
606
608
610
615
616
618
620
621
622
624
631
644
646
670
672
678
680
682
688
692
697
701
704
707
711
717
762
771
774
778
784
790
794
799
801
807
826
830
834
838
841
845
850
852
854
856
857
858
859
860
861
866
868
880
886
888
890
900
902
904
906
910
941
944
946
950
960
961
965
976
986
988
989
990
991
992
994
997
1002
1011
1012
1013
1014
1017
1020
1029
1030
1031
1032
1033
1034
1035
1036
1037
1038
1045
1047
1054
1057
1062
1070
1071
1073
1079
1080
1081
1085
1086
1087
1088
1095
1102
1103
1107
1108
1109
1110
1111
1112
1113
1115
1116
1118
1120
1122
1125
1126
1127
1128
1131
1133
1136
1137
1138
1140
1141
1144
1145
1147
1148
1155
1172
1182
1208
1211
1219
1222
1235
1237
1251
1289
1291
1293
1295
1297
1298
1299
1305
1306
1319
1322
1325
1326
1328
1329
1330
1331
1333
1335
1337
1341
1343
1347
1348
1349
1350
1352
1354
1356
1360
1362
1363
1365
1367
1369
1370
1371
1372
1374
1381
1401
1415
1476
1512
1515
1549
1565
1570
1599
1600
1603
1605
1608
1611
1622
1624
1626
1631
1633
1637
1646
1647
1648
1649
1652
1654
1655
1656
1658
1662
1664
1665
1666
1667
1668
1670
1672
1676
1678
1680
1681
1682
1685
1686
1687
1688
1691
1695
1696
1700
1702
1704
1705
1707
1712
1724
1727
1733
1736
1768
1773
1807
1812
1820
1828
1833
1851
1854
1882
1890
1899
1906
1909
1929
1932
1937
1944
1947
1952
1955
1964
1967
1974
1979
1986
1989
1997
2000
2009
2016
2021
2026
2029
2044
2058
2065
2068
2075
2078
2085
2092
2096
2107
2120
2127
2130
2137
2140
2147
2150
2161
2172
2178
2191
2206
2217
2233
2246
2345
2349
2356
2359
2366
2369
2376
2379
2390
2402
2412
2417
2429
2436
2439
2446
2449
2454
2456
2459
2466
2469
2476
2479
2486
2489
2496
2499
2506
2509
2516
2519
2526
2528
2535
2538
2545
2548
2558
2568
2581
2588
2591
2598
2601
2606
2609
2620
2626
2631
2634
2641
2644
2651
2654
2661
2664
2674
2685
2692
2695
2709
2746
2748
2753
2755
2764
2768
2773
2774
2776
2779
2794
2796
2821
2825
2829
2830
2832
2833
2834
2836
2843
2848
2853
2854
2860
2863
2870
2873
2876
2877
2887
2893
2896
2903
2906
2916
2922
2928
2931
2938
2941
2946
2949
2960
2966
3117
3125
3128
3129
3138
3154
3155
3163
3165
3167
3171
3173
3178
3179
3181
3183
3193
3215
3277
3278
3281
3308
3320
3321
3324
3325
3327
3329
3330
3331
3332
3341
3348
3349
3350
3355
3356
3361
3365
3366
3367
3369
3378
3379
3381
3383
3388
3389
3391
3393
3395
3397
3399
3401
3403
3407
3409
3422
3458
3485
3489
3493
3512
3516
3554
3558
3569
3572
3580
3583
3590
3632
3634
3635
3636
3639
3648
3652
3654
3660
3662
3666
3668
3670
3677
3680
3682
3701
3703
3707
3710
3712
3714
3728
3745
3747
3750
3751
3752
3757
3759
3763
3764
3766
3767
3768
3769
3771
3772
3774
3777
3779
3783
3786
3798
3799
3807
3811
3854
3873
3882
3883
3907
3924
3952
3956
3957
3960
3967
3972
3973
3983
3992
3994
4000
4002
4023
4028
4034
4039
4041
4044
4049
4050
4052
4060
4071
4072
4074
4080
4096
4097
4100
4102
4105
4107
4108
4131
4140
4146
4148
4160
4165
4176
4178
4200
4203
4206
4226
4237
4243
4270
4284
4289
4313
4315
4318
4321
4332
4336
4346
4367
4384
4385
4387
4392
4394
4406
4407
4442
4445
4447
4450
4451
4452
4454
4460
4462
4464
4468
4477
4535
4537
4544
4550
4554
4556
4559
4563
4564
4567
4570
4572
4576
4577
4578
4580
4584
4588
4590
4591
4592
4598
4602
4604
4608
4612
4614
4618
4620
4624
4640
4646
4651
4653
4669
4670
4700
4720
4721
4731
4732
4734
4752
4754
4755
4756
4758
4759
4760
4761
4763
4764
4766
4768
4770
4772
4774
4776
4778
4780
4782
4791
4818
4840
4854
4865
4888
4894
4908
4960
4986
4989
5004
5005
5007
5009
5015
5022
5023
5024
5025
5027
5031
5085
5089
5120
5124
5125
5132
5134
5136
5137
5141
5142
5143
5144
5156
5176
5179
5203
5207
5209
5210
5211
5216
5264
5266
5269
5271
5273
5274
5275
5277
5278
5287
5318
5319
5324
5329
5332
5338
5339
5344
5348
5353
5354
5355
5357
5358
5361
5371
5376
5377
5378
5379
5382
5383
5384
5386
5403
5409
5413
5415
5423
5425
5434
5438
5441
5445
5446
5455
5461
5471
5514
5518
5521
5525
5528
5531
5536
5540
5543
5546
5548
5553
5558
5560
5561
5568
5569
5574
5576
5616
5617
5632
5638
5653
5674
5676
5679
5683
5687
5696
5704
5708
5709
5715
5726
5731
5733
5735
5736
5737
5738
5739
5741
5742
5744
5745
5747
5748
5749
5750
5751
5753
5754
5755
5756
5757
5758
5760
5761
5765
5769
5770
5774
5776
5781
5784
5785
5786
5787
5788
5789
5790
5791
5796
5798
5799
5801
5802
5803
5804
5806
5807
5812
5813
5815
5819
5820
5821
5822
5824
5825
5826
5827
5828
5829
5830
5832
5834
5836
5838
5839
5840
5841
5842
5845
5847
5849
5852
5854
5856
5857
5858
5859
5861
5862
5864
5865
5868
5870
5871
5874
5875
5887
5970
5971
5976
5978
5981
5983
5989
5990
5991
5992
5993
5994
5995
5997
6004
6005
6006
6013
6030
6032
6034
6036
6055
6065
6069
6070
6085
6094
6096
6099
6100
6101
6103
6104
6107
6109
6110
6113
6117
6119
6121
6124
6125
6126
6127
6131
6132
6133
6135
6139
6145
6187
6191
6193
6195
6201
6206
6240
6257
6283
6293
6307
6380
6385
6423
6424
6426
6436
6437
6441
6446
6447
6451
6456
6457
6463
6464
6477
6481
6482
6501
6503
6504
6505
6507
6508
6510
6511
6513
6514
6518
6520
6521
6523
6524
6525
6526
6527
6528
6529
6530
6531
6532
6533
6535
6538
6539
6546
6558
6571
6588
6593
6603
6606
6609
6624
6626
6672
6673
6674
6678
6680
6682
6688
6693
6726
6728
6733
6734
6744
6746
6749
6750
6753
6755
6759
6762
6764
6766
6768
6770
6775
6786
6787
6790
6791
6796
6797
6801
6804
6808
6818
6819
6829
6831
6840
6846
6848
6853
6857
6859
6863
6864
6868
6869
6876
6877
6880
6917
6923
6925
6926
6939
6948
6949
6951
6952
6954
6956
6957
6958
6959
6969
6971
6992
6999
7002
7003
7015
7017
7018
7020
7022
7023
7024
7025
7026
7027
7028
7029
7030
7031
7032
7033
7036
7037
7039
7040
7043
7046
7047
7049
7050
7052
7053
7054
7059
7061
7063
7064
7065
7066
7070
7072
7074
7075
7076
7078
7081
7082
7091
7142
7156
7172
7177
7180
7191
7193
7197
7199
7201
7203
7205
7208
7209
7231
7232
7235
7239
7240
7244
7245
7252
7253
7260
7264
7265
7269
7270
7278
7284
7290
7292
7294
7296
7300
7301
7302
7303
7305
7307
7308
7311
7312
7314
7315
7316
7317
7318
7319
7320
7322
7323
7324
7325
7327
7328
7329
7330
7331
7333
7335
7338
7340
7343
7351
7353
7363
7404
7417
7440
7448
7481
7490
7521
7534
7546
7548
7559
7589
7593
7609
7623
7654
7657
7663
7692
7702
7704
7706
7710
7712
7714
7716
7718
7720
7722
7724
7726
7728
7730
7732
7738
7742
7746
7755
7757
7759
7761
7763
7765
7767
7769
7771
7775
7777
7779
7781
7783
7785
7787
7790
7796
7797
7798
7801
7808
7817
7818
7822
7837
7847
7848
7850
7851
7853
7855
7858
7861
7863
7864
7865
7869
7871
7872
7873
7874
7875
7878
7880
7882
7886
7888
7889
7890
7891
7892
7893
7895
7897
7898
7899
7900
7903
7904
7905
7906
7913
7914
7916
7972
7974
7978
7990
7991
8003
8012
8018
8021
8047
8048
8049
8051
8052
8061
8069
8081
8084
8086
8098
8104
8113
8115
8116
8118
8123
8124
8128
8132
8133
8140
8141
8175
8176
8177
8178
8179
8190
8202
8207
8210
8212
8214
8215
8216
8217
8219
8220
8221
8249
8252
8278
8282
8290
8314
8317
8320
8326
8327
8328
8329
8331
8334
8335
8337
8342
8344
8345
8346
8347
8348
8349
8350
8351
8352
8353
8354
8355
8358
8359
8360
8361
8362
8363
8364
8365
8366
8367
8368
8370
8371
8372
8373
8377
8380
8387
8390
8391
8396
8398
8415
8419
8426
8427
8436
8462
8470
8471
8480
8481
8485
8486
8491
8492
8495
8497
8499
8501
8503
8505
8506
8511
8512
8515
8516
8524
8525
8529
8539
8555
8565
8570
8579
8580
8586
8587
8590
8592
8601
8602
8608
8610
8616
8640
8645
8649
8650
8651
8652
8654
8655
8656
8657
8658
8661
8662
8663
8664
8665
8668
8669
8670
8671
8672
8673
8674
8681
8682
8683
8684
8685
8686
8687
8689
8690
8691
8692
8693
8694
8695
8696
8698
8699
8719
8721
8723
8735
8736
8753
8763
8765
8767
8769
8773
8774
8775
8778
8779
8781
8784
8785
8786
8787
8788
8790
8791
8792
8793
8795
8798
8800
8802
8803
8804
8808
8810
8812
8813
8814
8815
8816
8817
8823
8830
8840
8855
8863
8918
8921
8922
8926
8933
8934
8935
8936
8944
8961
8962
8966
8970
8972
8974
9003
9014
9020
9021
9023
9025
9030
9031
9032
9034
9040
9045
9050
9051
9052
9053
9054
9056
9057
9058
9061
9062
9065
9068
9071
9072
9074
9076
9078
9080
9082
9084
9085
9087
9103
9107
9108
9110
9115
9128
9130
9143
9154
9178
9182
9188
9196
9200
9215
9221
9237
9245
9246
9250
9252
9254
9272
9299
9311
9321
9334
9344
9361
9372
9384
9393
9431
9443
9455
9466
9474
9479
9490
9503
9507
9508
9511
9521
9536
9545
9553
9559
9585
9586
9588
9592
9598
9599
9601
9607
9614
9621
9628
9629
9646
9649
9662
9665
9666
9668
9669
9671
9672
9673
9677
9679
9680
9693
9708
9724
9735
9786
9798
9799
9800
9808
9811
9817
9819
9822
9823
9826
9827
9831
9832
9834
9837
9839
9840
9841
9842
9843
9845
9846
9847
9848
9849
9850
9854
9857
9858
9861
9863
9865
9868
9869
9871
9872
9873
9878
9886
9941
9943
9948
9950
9958
9960
9962
9964
9966
9969
9970
9972
9974
9976
9978
10005
10014
10015
10017
10023
10024
10036
10038
10042
10044
10045
10047
10049
10052
10053
10055
10056
10059
10060
10065
10066
10067
10068
10069
10071
10072
10074
10075
10076
10078
10080
10081
10083
10086
10087
10092
10093
10095
10096
10099
10100
10107
10110
10141
10192
10194
10215
10224
10239
10241
10247
10261
10264
10267
10269
10278
10282
10283
10289
10294
10300
10307
10309
10312
10319
10333
10339
10342
10345
10351
10352
10361
10363
10372
10374
10392
10410
10412
10417
10418
10420
10425
10430
10431
10436
10438
10443
10444
10446
10450
10453
10460
10461
10463
10465
10470
10477
10478
10484
10486
10488
10494
10495
10497
10500
10510
10511
10513
10514
10515
10516
10517
10519
10520
10521
10523
10524
10525
10530
10531
10532
10533
10540
10542
10544
10546
10548
10550
10552
10554
10557
10558
10559
10560
10561
10562
10564
10568
10572
10575
10579
10585
10587
10589
10590
10592
10605
10644
10648
10684
10703
10726
10728
10736
10738
10740
10753
10755
10757
10759
10765
10769
10782
10784
10806
10817
10829
10843
10922
10952
10954
10967
11002
11004
11011
11013
11024
11039
11052
11060
11065
11080
11085
11090
11103
11118
11134
11146
11161
11172
11187
11202
11213
11217
11221
11224
11234
11235
11236
11239
11240
11249
11251
11253
11255
11257
11267
11269
11275
11276
11278
11280
11282
11284
11286
11287
11292
11294
11298
11306
11309
11311
11313
11317
11326
11328
11330
11334
11336
11355
11356
11372
11377
11378
11379
11392
11396
11399
11401
11403
11404
11406
11408
11409
11416
11428
11430
11443
11445
11459
11472
11485
11501
11512
11525
11576
11578
11579
11580
11585
11588
11591
11594
11603
11605
11632
11634
11638
11647
11652
11653
11675
11678
11686
11687
11738
11739
11743
11744
11745
11747
11761
11763
11765
11766
11768
11770
11771
11773
11779
11782
11784
11785
11787
11789
11791
11792
11793
11794
11795
11797
11798
11799
11800
11802
11805
11806
11807
11808
11809
11810
11814
11815
11816
11818
11820
11821
11822
11823
11825
11826
11827
11828
11830
11831
11833
11840
11841
11845
11846
11847
11848
11849
11850
11851
11853
11854
11856
11858
11859
11860
11861
11866
11867
11868
11870
11871
11872
11873
11874
11877
11878
11879
11881
11882
11883
11884
11885
11886
11889
11890
11891
11892
11893
11894
11895
11896
11897
11898
11909
11919
11927
11953
11973
11974
11977
11978
11979
11981
11983
11997
12000
12001
12004
12006
12010
12012
12016
12018
12037
12045
12053
12055
12056
12064
12065
12074
12075
12076
12079
12080
12081
12086
12089
12090
12091
12092
12094
12095
12096
12098
12100
12101
12108
12111
12112
12113
12115
12116
12117
12120
12122
12124
12126
12130
12132
12134
12147
12151
12152
12153
12157
12185
12188
12196
12214
12227
12236
12248
12264
12268
12269
12270
12286
12287
12292
12301
12304
12305
12328
12336
12343
12354
12356
12358
12360
12363
12365
12368
12370
12374
12375
12380
12386
12391
12396
12404
12405
12407
12408
12422
12426
12428
12430
12431
12433
12434
12435
12437
12440
12442
12443
12444
12446
12448
12449
12453
12454
12455
12457
12458
12459
12467
12472
12490
12493
12502
12505
12535
12541
12543
12548
12549
12571
12575
12589
12593
12594
12599
12606
12611
12640
12642
12643
12655
12657
12701
12703
12707
12709
12714
12719
12724
12726
12730
12735
12741
12743
12748
12752
12755
12762
12772
12777
12779
12784
12785
12791
12804
12809
12810
12822
12824
12828
12829
12830
12831
12846
12847
12849
12855
12857
12863
12864
12872
12873
12874
12884
12890
12905
12941
12943
12948
12953
12963
12966
12990
12995
12997
13002
13004
13010
13012
13016
13017
13023
13024
13039
13077
13079
13097
13098
13099
13102
13110
13112
13114
13115
13116
13117
13119
13120
13122
13123
13124
13125
13126
13127
13128
13129
13131
13133
13135
13137
13138
13141
13142
13143
13144
13153
13156
13162
13222
13250
13252
13253
13262
13264
13273
13277
13279
13283
13289
13322
13325
13327
13328
13330
13334
13339
13340
13352
13370
13371
13372
13373
13374
13375
13378
13379
13380
13382
13384
13386
13387
13390
13392
13393
13394
13395
13400
13403
13407
13410
13412
13414
13416
13417
13418
13420
13421
13422
13425
13427
13430
13431
13432
13434
13445
13446
13450
13451
13453
13455
13467
13478
13549
13554
13562
13569
13579
13582
13586
13587
13597
13623
13629
13645
13671
13686
13694
13713
13715
13718
13723
13731
13758
13764
13766
13770
13778
13785
13794
13797
13809
13812
13825
13827
13829
13831
13833
13863
13865
13867
13871
13873
13875
13877
13879
13883
13893
13894
13895
13896
13897
13898
13899
13901
13915
13916
13918
13920
13921
13922
13923
13924
13926
13927
13929
13930
13931
13935
13936
13938
13939
13941
13942
13944
13945
13946
13948
13949
13951
13952
13955
13956
13962
13963
13993
14009
14012
14016
14022
14030
14036
14037
14043
14051
14053
14057
14058
14071
14072
14075
14076
14078
14080
14088
14089
14090
14091
14093
14096
14097
14113
14116
14117
14118
14119
14120
14123
14126
14127
14128
14133
14134
14135
14136
14137
14138
14140
14141
14142
14143
14147
14149
14152
14165
14168
14173
14184
14188
14207
14208
14212
14214
14216
14218
14222
14223
14231
14244
14246
14252
14255
14279
14298
14299
14318
14335
14337
14338
14339
14340
14342
14344
14345
14346
14347
14348
14349
14352
14355
14357
14389
14392
14397
14399
14402
14410
14418
14422
14426
14432
14435
14448
14458
14459
14470
14481
14486
14488
14490
14492
14494
14499
14503
14505
14507
14515
14520
14522
14526
14528
14530
14532
14534
14537
14539
14541
14544
14551
14553
14555
14557
14561
14567
14568
14569
14575
14579
14584
14585
14591
14592
14601
14603
14613
14641
14642
14646
14647
14649
14651
14665
14666
14668
14689
14693
14705
14707
14709
14726
14727
14728
14729
14731
14732
14733
14736
14738
14741
14743
14746
14747
14748
14749
14752
14753
14755
14756
14759
14760
14762
14763
14764
14770
14772
14773
14775
14778
14782
14784
14785
14786
14787
14789
14793
14794
14795
14796
14797
14798
14799
14800
14801
14802
14804
14831
14861
14864
14882
14883
14887
14899
14900
14901
14904
14905
14910
14911
14912
14913
14915
14916
14917
14918
14925
14929
14931
14933
14935
14937
14942
14948
14952
14980
14997
15002
15003
15010
15012
15028
15039
15044
15047
15049
15050
15051
15052
15053
15054
15055
15056
15058
15059
15063
15066
15068
15070
15073
15077
15085
15090
15091
15097
15102
15128
15130
15147
15156
15179
15215
15222
15241
15245
15250
15253
15266
15276
15278
15280
15281
15282
15284
15285
15286
15287
15299
15304
15309
15310
15315
15316
15319
15321
15328
15335
15336
15339
15343
15356
15358
15359
15364
15365
15370
15374
15385
15393
15410
15411
15412
15413
15415
15416
15418
15421
15423
15424
15426
15429
15434
15437
15439
15441
15442
15443
15444
15445
15446
15447
15451
15452
15453
15455
15457
15460
15463
15464
15465
15466
15469
15472
15475
15477
15478
15480
15481
15487
15489
15490
15492
15501
15505
15509
15514
15521
15529
15534
15543
15550
15552
15556
15559
15562
15567
15577
15579
15588
15594
15604
15610
15615
15618
15628
15635
15637
15644
15666
15668
15719
15721
15723
15727
15729
15738
15743
15747
15754
15757
15789
15796
15798
15799
15800
15804
15805
15812
15813
15819
15820
15834
15844
15848
15850
15852
15855
15857
15869
15890
15896
15897
15898
15899
15900
15902
15903
15908
15910
15911
15912
15913
15914
15920
15921
15922
15923
15924
15925
15928
15930
15932
15934
15937
15938
15940
15943
16007
16008
16013
16034
16037
16043
16048
16051
16068
16077
16080
16084
16085
16088
16089
16091
16093
16095
16097
16102
16123
16135
16139
16142
16143
16146
16149
16150
16151
16153
16154
16155
16156
16158
16161
16164
16165
16166
16167
16169
16171
16173
16178
16188
16192
16213
16221
16227
16252
16254
16289
16290
16294
16299
16310
16316
16320
16327
16335
16337
16339
16350
16352
16354
16356
16358
16360
16362
16367
16369
16371
16373
16374
16377
16378
16396
16400
16401
16402
16404
16406
16407
16408
16412
16413
16414
16415
16416
16418
16419
16420
16421
16423
16427
16428
16430
16434
16435
16438
16440
16442
16444
16445
16447
16451
16453
16454
16456
16458
16460
16465
16466
16467
16477
16479
16483
16485
16492
16494
16510
16566
16579
16588
16675
16680
16684
16708
16711
16716
16718
16734
16739
16745
16749
16750
16753
16758
16760
16762
16764
16766
16768
16770
16777
16778
16781
16788
16794
16795
16798
16799
16808
16810
16813
16815
16822
16836
16838
16839
16841
16842
16846
16847
16848
16852
16853
16857
16858
16859
16860
16861
16865
16866
16870
16872
16875
16901
16904
16946
16957
16966
16967
16968
16970
16971
16972
16973
16974
16975
16979
16995
17002
17004
17007
17009
17010
17012
17017
17023
17033
17042
17043
17045
17055
17057
17058
17059
17060
17061
17071
17088
17090
17091
17093
17094
17099
17100
17101
17102
17103
17106
17107
17108
17109
17111
17113
17114
17116
17118
17119
17120
17122
17125
17137
17139
17152
17167
17169
17214
17216
17237
17263
17269
17274
17285
17286
17287
17289
17294
17296
17328
17329
17332
17333
17334
17335
17337
17338
17339
17342
17344
17345
17347
17348
17349
17350
17354
17357
17359
17362
17365
17367
17368
17369
17372
17381
17383
17391
17394
17465
17481
17488
17489
17501
17503
17525
17529
17531
17532
17539
17544
17549
17552
17555
17557
17559
17567
17568
17569
17571
17572
17575
17577
17579
17580
17583
17584
17585
17586
17587
17589
17591
17593
17594
17595
17596
17597
17599
17600
17601
17602
17604
17607
17609
17611
17614
17615
17616
17619
17621
17622
17624
17626
17627
17628
17629
17631
17632
17633
17635
17637
17638
17639
17641
17642
17654
17660
17662
17685
17695
17710
17713
17725
17728
17742
17745
17761
17808
17813
17817
17829
17837
17843
17852
17855
17864
17867
17868
17869
17885
17887
17889
17893
17894
17895
17898
17901
17904
17906
17907
17909
17914
17917
17918
17921
17922
17923
17924
17929
17983
17984
17991
18102
18107
18110
18111
18112
18119
18130
18131
18132
18133
18135
18137
18196
18218
18224
18227
18230
18233
18269
18271
18275
18276
18279
18286
18290
18291
18296
18299
18301
18304
18306
18308
18309
18310
18312
18313
18314
18315
18316
18317
18320
18323
18328
18331
18332
18333
18335
18337
18340
18341
18346
18352
18369
18383
18427
18433
18435
18452
18454
18460
18474
18482
18490
18499
18502
18524
18534
18536
18538
18548
18549
18553
18558
18564
18568
18575
18577
18583
18587
18595
18597
18599
18601
18616
18617
18618
18619
18620
18621
18622
18623
18624
18625
18626
18627
18628
18629
18630
18631
18632
18659
18660
18662
18663
18664
18666
18668
18669
18671
18673
18687
18689
18696
18701
18703
18705
18707
18711
18715
18719
18721
18727
18737
18739
18741
18747
18754
18756
18773
18777
18778
18786
18791
18792
18801
18806
18807
18811
18820
18825
18826
18828
18837
18838
18845
18849
18854
18855
18862
18867
18872
18879
18885
18887
18892
18893
18898
18900
18905
18907
18911
18914
18934
18954
18960
18962
18971
18972
18973
18974
18975
18976
18982
18984
18985
18988
18989
18990
18991
18993
18994
18995
18996
18998
18999
19000
19001
19002
19003
19004
19006
19010
19094
19119
19141
19143
19144
19145
19153
19159
19161
19171
19172
19174
19180
19181
19183
19187
19190
19191
19193
19195
19197
19199
19202
19206
19218
19224
19232
19254
19277
19288
19293
19295
19311
19315
19316
19329
19330
19332
19337
19339
19341
19342
19343
19344
19345
19347
19348
19351
19352
19353
19354
19357
19358
19359
19360
19363
19365
19368
19369
19370
19372
19373
19374
19375
19376
19380
19381
19384
19386
19388
19391
19395
19400
19403
19404
19430
19437
19442
19444
19456
19458
19461
19473
19482
19486
19487
19488
19489
19490
19491
19492
19493
19499
19508
19519
19522
19529
19559
19560
19564
19565
19569
19575
19576
19579
19593
19595
19601
19609
19613
19614
19615
19616
19618
19619
19622
19625
19627
19629
19632
19633
19634
19637
19640
19641
19642
19645
19646
19647
19648
19650
19653
19654
19656
19658
19660
19663
19665
19672
19691
19700
19706
19737
19785
19789
19800
19807
19808
19814
19816
19822
19823
19830
19832
19833
19834
19836
19839
19840
19842
19843
19845
19847
19849
19852
19853
19855
19856
19857
19858
19861
19862
19863
19864
19865
19867
19868
19873
19880
19882
19885
19892
19920
19956
19963
19965
19970
19972
19974
19976
19981
19986
19991
20004
20009
20011
20024
20031
20045
20053
20056
20074
20077
20112
20114
20116
20124
20132
20135
20162
20171
20184
20192
20206
20219
20228
20229
20230
20231
20233
20236
20237
20239
20250
20251
20265
20270
20274
20277
20279
20280
20285
20289
20298
20299
20302
20304
20318
20321
20323
20324
20327
20328
20329
20330
20332
20335
20336
20337
20340
20341
20342
20347
20349
20350
20352
20357
20359
20361
20363
20368
20369
20370
20371
20373
20375
20378
20387
20391
20392
20393
20394
20401
20466
20507
20522
20535
20663
20664
20665
20669
20675
20676
20697
20702
20706
20710
20712
20714
20716
20720
20737
20743
20756
20760
20763
20772
20773
20774
20775
20792
20798
20799
20800
20801
20802
20803
20807
20809
20815
20816
20817
20819
20820
20821
20822
20826
20832
20833
20843
20848
20857
20892
20893
20898
20901
20902
20906
20907
20908
20910
20939
20941
20951
20953
20956
20981
20987
20992
20994
21004
21007
21017
21019
21022
21023
21025
21026
21027
21028
21029
21031
21032
21035
21038
21041
21042
21045
21048
21049
21053
21054
21056
21057
21059
21061
21063
21065
21068
21070
21072
21074
21113
21114
21116
21119
21145
21147
21150
21151
21153
21161
21165
21168
21169
21185
21187
21189
21191
21194
21200
21201
21202
21214
21218
21222
21230
21233
21234
21238
21240
21242
21243
21245
21246
21247
21250
21255
21256
21257
21260
21263
21266
21269
21270
21271
21273
21274
21275
21276
21278
21279
21281
21283
21284
21287
21290
21293
21294
21305
21308
21311
21335
21388
21390
21397
21405
21423
21425
21435
21447
21450
21453
21456
21459
21510
21514
21526
21542
21544
21566
21572
21652
21666
21668
21670
21675
21676
21679
21714
21720
21730
21741
21745
21749
21758
21770
21776
21790
21798
21800
21801
21804
21805
21807
21810
21814
21816
21818
21819
21820
21821
21822
21823
21841
21842
21845
21846
21847
21850
21851
21854
21855
21857
21858
21859
21860
21863
21867
21869
21871
21874
21876
21877
21882
21887
21889
21892
21894
21945
21952
21964
21966
21968
21973
21982
21984
22011
22012
22031
22032
22034
22042
22044
22046
22048
22052
22054
22058
22065
22067
22073
22075
22077
22079
22088
22091
22092
22157
22158
22159
22161
22162
22163
22203
22209
22210
22217
22218
22219
22223
22224
22225
22227
22228
22229
22233
22234
22235
22237
22240
22252
22263
22273
22288
22323
22353
22354
22357
22360
22361
22365
22367
22372
22373
22376
22379
22382
22383
22387
22388
22394
22396
22398
22400
22401
22402
22404
22405
22406
22410
22411
22412
22413
22414
22416
22417
22418
22420
22422
22424
22425
22426
22427
22429
22431
22432
22433
22435
22437
22439
22442
22445
22447
22449
22451
22452
22453
22454
22455
22456
22462
22463
22464
22465
22466
22467
22468
22470
22471
22473
22481
22485
22487
22490
22499
22501
22502
22503
22504
22505
22506
22508
22536
22539
22541
22575
22576
22595
22596
22598
22600
22601
22602
22603
22605
22610
22611
22612
22613
22614
22616
22617
22618
22619
22620
22621
22623
22624
22625
22627
22628
22629
22631
22632
22633
22634
22635
22636
22637
22638
22639
22640
22642
22643
22644
22645
22646
22650
22651
22652
22654
22657
22659
22660
22662
22663
22664
22665
22666
22667
22669
22673
22674
22676
22688
22730
22754
22755
22759
22762
22768
22776
22782
22784
22801
22803
22807
22811
22812
22817
22818
22823
22824
22833
22840
22843
22844
22849
22850
22852
22858
22859
22868
22869
22871
22872
22873
22874
22875
22876
22877
22878
22879
22880
22881
22891
22893
22894
22895
22896
22898
22899
22901
22902
22903
22904
22905
22908
22910
22911
22912
22914
22917
22918
22922
22923
22924
22930
22932
22933
22934
22936
22937
22938
22940
22942
22944
22948
22950
22953
22958
22966
22974
22995
23002
23041
23043
23045
23054
23055
23058
23061
23064
23084
23087
23111
23121
23124
23127
23136
23160
23161
23169
23179
23181
23183
23185
23187
23189
23195
23200
23202
23216
23218
23223
23231
23233
23235
23237
23239
23241
23247
23250
23251
23258
23259
23260
23261
23265
23266
23267
23268
23274
23276
23285
23286
23287
23290
23292
23293
23300
23301
23302
23304
23306
23308
23309
23310
23311
23313
23315
23317
23319
23321
23324
23325
23327
23328
23330
23336
23338
23339
23340
23342
23345
23347
23349
23351
23352
23356
23358
23360
23363
23365
23367
23369
23371
23372
23373
23378
23387
23392
23406
23420
23451
23469
23507
23519
23537
23543
23544
23562
23565
23576
23586
23591
23603
23622
23625
23649
23656
23668
23676
23678
23690
23709
23780
23786
23795
23814
23816
23830
23834
23837
23851
23854
23857
23869
23875
23887
23893
23897
23898
23909
23911
23933
23943
23956
23960
23975
23979
23983
24019
24053
24054
24062
24064
24068
24076
24078
24082
24087
24091
24103
24106
24119
24121
24129
24150
24159
24170
24186
24189
24209
24212
24215
24217
24288
24299
24308
24313
24333
24337
24338
24343
24349
24351
24356
24359
24361
24398
24399
24403
24405
24406
24407
24417
24420
24423
24435
24464
24480
24486
24489
24496
24499
24513
24554
24555
24557
24565
24568
24572
24576
24583
24584
24587
24589
24591
24592
24594
24596
24597
24599
24600
24601
24602
24605
24607
24609
24610
24613
24617
24620
24622
24624
24626
24627
24631
24680
24694
24726
24732
24734
24736
24738
24740
24742
24750
24751
24753
24756
24757
24761
24762
24763
24765
24771
24774
24775
24777
24778
24779
24780
24781
24783
24784
24786
24788
24790
24791
24794
24796
24810
24818
24837
24847
24853
24947
24966
24968
24971
25002
25013
25015
25071
25079
25083
25084
25090
25096
25101
25104
25128
25132
25134
25136
25144
25146
25147
25150
25155
25160
25161
25166
25169
25170
25171
25172
25173
25174
25175
25176
25177
25178
25180
25181
25182
25183
25192
25219
25222
25223
25225
25226
25227
25228
25231
25236
25237
25250
25254
25256
25258
25264
25266
25268
25276
25310
25315
25321
25328
25333
25345
25365
25379
25405
25417
25422
25430
25447
25454
25455
25473
25477
25493
25506
25520
25533
25544
25559
25572
25585
25598
25613
25630
25646
25647
25649
25660
25663
25666
25668
25687
25692
25704
25709
25721
25834
25862
25882
25883
25893
25915
25916
25926
25936
25940
25945
25948
25952
25955
25957
25963
25972
25974
25975
25978
25979
25980
25981
25982
25988
26000
26002
26003
26004
26005
26007
26008
26012
26014
26016
26018
26020
26025
26028
26038
26043
26059
26067
26079
26120
26121
26125
26127
26128
26144
26151
26167
26168
26170
26171
26174
26179
26181
26186
26189
26191
26200
26202
26206
26207
26208
26214
26219
26233
26236
26238
26248
26256
26257
26260
26264
26267
26268
26270
26271
26272
26273
26274
26275
26276
26277
26278
26279
26280
26281
26282
26283
26285
26286
26287
26288
26292
26295
26298
26302
26306
26308
26310
26313
26314
26315
26318
26320
26322
26325
26327
26328
26330
26331
26332
26336
26338
26348
26351
26364
26367
26376
26395
26422
26438
26450
26452
26455
26460
26461
26513
26519
26534
26540
26570
26577
26581
26587
26589
26607
26610
26612
26618
26636
26637
26641
26644
26645
26647
26653
26654
26655
26656
26657
26658
26660
26661
26662
26663
26664
26665
26666
26667
26668
26676
26678
26680
26694
26696
26697
26701
26702
26705
26706
26707
26708
26711
26712
26716
26717
26720
26722
26723
26724
26725
26726
26727
26729
26731
26734
26736
26737
26738
26741
26742
26743
26744
26746
26748
26749
26750
26751
26753
26758
26760
26762
26764
26766
26771
26773
26774
26775
26776
26783
26784
26788
26789
26792
26793
26829
26861
26866
26868
26871
26879
26886
26890
26893
26920
26935
26938
26955
26982
26986
26999
27012
27022
27042
27055
27065
27078
27091
27104
27169
27180
27190
27200
27219
27230
27232
27234
27236
27244
27256
27259
27260
27262
27269
27273
27275
27331
27336
27338
27342
27344
27346
27350
27352
27354
27362
27371
27379
27384
27387
27389
27391
27393
27395
27397
27399
27401
27403
27405
27407
27408
27410
27411
27412
27413
27414
27415
27420
27426
27427
27428
27431
27433
27441
27445
27450
27451
27452
27454
27455
27456
27460
27461
27462
27464
27468
27469
27470
27471
27472
27474
27475
27477
27479
27480
27482
27483
27484
27487
27491
27492
27494
27495
27498
27500
27502
27503
27506
27508
27510
27513
27517
27519
27522
27524
27526
27528
27530
27532
27533
27537
27543
27545
27546
27551
27553
27575
27582
27629
27644
27646
27648
27649
27651
27652
27655
27657
27659
27660
27661
27663
27674
27676
27677
27679
27680
27681
27682
27684
27685
27686
27688
27697
27702
27708
27717
27719
27721
27731
27736
27758
27767
27775
27784
27785
27793
27802
27803
27812
27814
27818
27819
27829
27830
27836
27840
27841
27859
27860
27871
27886
27887
27904
27905
27915
27917
27923
27929
27933
27935
27938
27968
27986
27998
27999
28032
28045
28049
28073
28074
28075
28076
28077
28081
28088
28090
28091
28092
28093
28094
28095
28097
28098
28106
28107
28108
28109
28111
28116
28117
28119
28120
28122
28123
28124
28125
28126
28129
28131
28132
28134
28139
28141
28142
28144
28145
28147
28148
28149
28150
28151
28154
28156
28157
28158
28162
28163
28164
28165
28166
28168
28169
28170
28174
28176
28177
28179
28180
28185
28190
28192
28193
28194
28199
28200
28201
28202
28203
28204
28205
28206
28208
28216
28218
28219
28220
28221
28224
28225
28226
28227
28228
28229
28230
28231
28233
28238
28239
28240
28242
28243
28244
28246
28250
28253
28256
28257
28258
28259
28263
28264
28266
28267
28268
28269
28271
28272
28273
28275
28276
28278
28279
28280
28281
28283
28284
28285
28290
28291
28296
28297
28298
28299
28301
28302
28304
28305
28306
28308
28311
28312
28313
28314
28317
28319
28321
28322
28323
28324
28325
28326
28327
28328
28329
28330
28331
28332
28336
28337
28341
28344
28345
28349
28350
28363
28369
28374
28380
28381
28383
28401
28403
28404
28405
28406
28432
28438
28442
28444
28448
28453
28455
28458
28460
28462
28464
28466
28468
28470
28480
28481
28485
28486
28495
28496
28498
28540
28547
28557
28558
28560
28564
28568
28570
28572
28578
28579
28583
28586
28591
28592
28596
28621
28625
28626
28627
28628
28629
28630
28631
28632
28633
28634
28635
28636
28637
28638
28639
28641
28644
28650
28660
28662
28663
28664
28666
28667
28668
28671
28673
28674
28675
28676
28677
28678
28679
28680
28681
28693
28702
28703
28707
28708
28714
28722
28723
28724
28727
28728
28732
28733
28734
28735
28736
28737
28738
28739
28741
28743
28744
28746
28747
28748
28749
28751
28752
28755
28756
28757
28759
28760
28761
28764
28765
28766
28769
28770
28771
28772
28773
28774
28777
28778
28780
28783
28784
28786
28788
28790
28792
28795
28796
28797
28798
28799
28800
28801
28803
28805
28812
28814
28840
28842
28968
28969
28972
28973
28978
28979
28981
28986
28987
28992
28995
28997
29004
29013
29015
29019
29021
29023
29025
29027
29034
29037
29038
29039
29040
29042
29044
29056
29057
29058
29059
29061
29062
29064
29066
29067
29069
29070
29073
29074
29077
29080
29081
29082
29083
29085
29086
29087
29088
29089
29091
29092
29093
29094
29095
29099
29101
29103
29106
29107
29109
29110
29115
29116
29117
29118
29119
29120
29123
29125
29126
29127
29128
29132
29147
29164
29179
29184
29200
29202
29204
29207
29212
29213
29215
29217
29227
29247
29249
29256
29258
29280
29284
29286
29302
29319
29320
29321
29324
29326
29327
29328
29329
29333
29334
29335
29336
29340
29341
29345
29346
29347
29348
29352
29353
29354
29357
29361
29362
29363
29365
29368
29369
29370
29372
29373
29374
29375
29378
29380
29381
29385
29387
29390
29391
29395
29397
29402
29403
29415
29420
29432
29440
29468
29496
29500
29509
29512
29516
29518
29527
29535
29541
29543
29571
29573
29576
29578
29580
29597
29608
29634
29637
29642
29648
29650
29652
29654
29656
29658
29665
29667
29676
29692
29698
29716
29717
29718
29719
29720
29721
29722
29723
29724
29725
29727
29728
29731
29734
29736
29740
29742
29745
29746
29748
29749
29751
29752
29754
29815
29886
29887
29893
29924
29927
29930
29938
29941
29944
29945
29952
29963
29964
29967
29969
29970
29972
29973
29974
29976
29978
29980
29982
29983
29984
29987
29988
29989
29990
29992
29993
29996
29997
29998
30000
30002
30004
30005
30006
30007
30008
30009
30021
30024
30042
30062
30107
30108
30112
30113
30115
30119
30120
30135
30146
30147
30148
30149
30150
30151
30152
30153
30154
30155
30156
30157
30158
30159
30160
30161
30162
30163
30164
30165
30183
30184
30185
30186
30187
30188
30189
30190
30191
30192
30194
30196
30200
30201
30204
30208
30209
30211
30212
30213
30214
30215
30216
30218
30219
30226
30228
30230
30233
30235
30237
30239
30241
30248
30250
30253
30267
30271
30280
30293
30298
30299
30302
30303
30305
30311
30344
30352
30354
30364
30416
30417
30445
30455
30458
30465
30466
30470
30471
30492
30495
30496
30497
30499
30500
30502
30503
30506
30507
30509
30510
30511
30512
30516
30527
30588
30589
30590
30594
30598
30600
30602
30608
30612
30613
30620
30625
30626
30629
30640
30652
30655
30657
30658
30661
30671
30698
30699
30700
30702
30704
30706
30708
30709
30711
30713
30723
30726
30733
30734
30735
30737
30739
30741
30742
30745
30746
30747
30748
30749
30751
30757
30758
30759
30760
30761
30762
30764
30767
30768
30769
30770
30771
30773
30775
30776
30778
30779
30780
30789
30794
30803
30807
30810
30813
30854
30881
30905
30913
30949
30960
30961
30970
30971
31011
31024
31027
31042
31044
31055
31057
31071
31083
31095
31106
31119
31131
31133
31145
31147
31157
31171
31185
31197
31210
31222
31233
31245
31247
31259
31264
31281
31330
31332
31343
31354
31365
31374
31385
31387
31402
31416
31428
31430
31443
31456
31468
31481
31497
31499
31513
31523
31534
31547
31559
31571
31583
31595
31607
31620
31643
31654
31664
31665
31666
31667
31668
31670
31671
31674
31675
31676
31677
31678
31679
31680
31681
31682
31683
31684
31687
31688
31689
31690
31691
31692
31695
31699
31744
31746
31760
31773
31775
31787
31798
31816
31820
31827
31835
31845
31859
31874
31878
31889
31902
31916
31919
31920
31932
31934
31937
31957
31962
31967
31982
31998
32000
32011
32028
32032
32051
32062
32075
32080
32097
32110
32124
32130
32140
32150
32164
32176
32187
32199
32211
32222
32226
32229
32236
32261
32292
32303
32313
32316
32436
32438
32463
32465
32469
32470
32471
32492
32496
32500
32508
32510
32516
32523
32530
32532
32534
32536
32538
32542
32545
32553
32555
32563
32568
32582
32583
32599
32609
32622
32634
32648
32659
32672
32679
32688
32704
32720
32734
32748
32764
32778
32788
32799
32809
32823
32835
32849
32853
32865
32876
32879
32893
32903
32914
32924
32934
32944
32956
33025
33039
33051
33063
33073
33083
33096
33106
33119
33129
33139
33149
33159
33169
33185
33186
33189
33190
33191
33192
33195
33196
33197
33204
33212
33220
33259
33272
33275
33287
33290
33307
33335
33349
33364
33379
33393
33401
33408
33423
33429
33432
33443
33456
33468
33487
33489
33491
33497
33509
33511
33513
33526
33529
33532
33546
33553
33554
33559
33570
33586
33598
33612
33631
33644
33648
33655
33671
33683
33698
33709
33718
33732
33746
33757
33762
33786
33798
33808
33830
34001
34002
34027
34052
34053
34056
34059
34060
34070
34075
34080
34089
34090
34091
34095
34096
34097
34098
34099
34101
34113
34117
34121
34139
34152
34165
34180
34189
34202
34215
34222
34234
34247
34264
34276
34297
34402
34403
34404
34406
34407
34408
34409
34411
34414
34416
34419
34420
34423
34424
34425
34427
34431
34432
34433
34443
34444
34445
34446
34454
34456
34460
34462
34464
34466
34500
34505
34509
34519
34524
34552
34556
34559
34575
34582
34584
34602
34604
34606
34617
34642
34648
34657
34660
34664
34667
34669
34673
34675
34677
34679
34683
34685
34690
34704
34705
34710
34711
34715
34717
34723
34725
34737
34753
34755
34763
34765
34773
34787
34794
34828
34836
34839
34858
34862
34871
34894
34901
34903
34909
34914
34915
34935
34936
34960
34988
34998
35000
35002
35004
35006
35007
35009
35012
35015
35023
35024
35025
35026
35027
35028
35038
35039
35040
35041
35043
35051
35053
35056
35060
35061
35062
35063
35088
35111
35113
35120
35123
35128
35135
35138
35141
35142
35143
35144
35145
35147
35148
35149
35151
35152
35153
35154
35156
35158
35159
35162
35164
35165
35167
35168
35169
35170
35171
35172
35174
35176
35177
35178
35180
35182
35189
35191
35195
35211
35213
35258
35267
35275
35278
35281
35298
35299
35319
35335
35346
35352
35354
35359
35360
35374
35376
35378
35379
35382
35383
35397
35404
35407
35411
35418
35423
35424
35429
35433
35437
35443
35446
35451
35452
35455
35457
35460
35489
35509
35510
35511
35512
35513
35515
35516
35517
35518
35520
35522
35523
35524
35526
35531
35532
35533
35534
35537
35538
35539
35540
35541
35542
35544
35546
35547
35548
35558
35559
35564
35566
35567
35569
35571
35573
35575
35577
35578
35584
35585
35586
35589
35590
35591
35599
35600
35601
35602
35603
35605
35606
35607
35610
35611
35612
35613
35615
35617
35619
35620
35622
35623
35624
35625
35626
35627
35629
35630
35632
35633
35640
35642
35644
35645
35646
35647
35648
35649
35651
35652
35653
35654
35655
35656
35657
35658
35659
35660
35662
35663
35666
35667
35668
35671
35672
35673
35674
35675
35676
35678
35680
35681
35682
35683
35684
35693
35694
35696
35697
35726
35731
35734
35735
35737
35738
35739
35740
35741
35742
35743
35755
35756
35757
35759
35760
35761
35762
35763
35764
35766
35767
35768
35770
35773
35774
35777
35778
35786
35789
35818
35819
35824
35825
35831
35832
35836
35837
35839
35845
35855
35857
35859
35868
35869
35873
35880
35881
35882
35883
35884
35886
35898
35899
35900
35902
35905
35906
35907
35909
35910
35912
35914
35915
35916
35918
35919
35920
35921
35922
35923
35924
35926
35934
35937
35971
35972
35973
35978
35981
35983
35985
35987
35989
35991
35993
35995
36010
36012
36014
36016
36020
36024
36028
36031
36037
36049
36050
36052
36061
36063
36064
36066
36071
36072
36073
36074
36075
36125
36128
36152
36153
36164
36176
36180
36189
36190
36191
36193
36194
36197
36207
36210
36215
36217
36218
36219
36220
36221
36226
36227
36250
36252
36256
36258
36262
36263
36280
36281
36286
36287
36291
36295
36299
36300
36301
36302
36323
36324
36329
36330
36331
36337
36338
36347
36351
36363
36365
36367
36394
36403
36407
36411
36420
36431
36460
36464
36469
36473
36481
36486
36496
36536
36548
36551
36563
36566
36568
36580
36593
36596
36609
36612
36625
36641
36653
36665
36677
36689
36705
36717
36727
36754
36772
36773
36779
36784
36785
36796
36798
36800
36804
36811
36812
36814
36821
36823
36828
36829
36830
36836
36838
36839
36840
36854
36859
36860
36862
36877
36883
36893
36894
36895
36897
36898
36900
36901
36903
36904
36906
36908
36909
36910
36911
36912
36913
36914
36915
36916
36920
36922
36935
36941
36942
36944
36948
36952
36953
36963
36967
36979
36980
36992
37003
37015
37032
37120
37136
37151
37160
37176
37188
37198
37208
37220
37237
37247
37257
37268
37270
37283
37298
37303
37310
37311
37312
37322
37334
37410
37411
37412
37415
37417
37438
37446
37450
37452
37454
37456
37458
37460
37469
37470
37474
37476
37478
37482
37483
37487
37489
37491
37493
37495
37499
37503
37509
37510
37526
37527
37530
37532
37551
37552
37554
37555
37560
37561
37564
37565
37574
37582
37584
37589
37590
37598
37599
37600
37637
37642
37650
37654
37656
37661
37663
37667
37674
37676
37678
37681
37688
37693
37694
37700
37704
37709
37710
37711
37719
37720
37721
37723
37727
37728
37729
37734
37759
37761
37766
37787
37788
37789
37791
37792
37797
37800
37802
37803
37805
37806
37807
37809
37811
37812
37814
37815
37817
37820
37823
37825
37827
37828
37829
37830
37831
37833
37872
37883
37917
37936
37947
37950
37953
37958
37960
37963
37988
37994
38067
38068
38070
38104
38108
38116
38121
38129
38131
38147
38154
38168
38170
38176
38180
38189
38190
38193
38195
38204
38205
38206
38209
38212
38219
38226
38229
38234
38248
38262
38266
38270
38274
38278
38282
38286
38290
38294
38298
38302
38306
38310
38314
38318
38322
38326
38330
38334
38338
38342
38346
38350
38354
38356
38367
38374
38378
38383
38387
38391
38395
38399
38403
38407
38411
38415
38419
38423
38427
38431
38435
38439
38443
38447
38451
38454
38457
38461
38465
38469
38479
38489
38491
38493
38496
38497
38499
38501
38502
38503
38504
38505
38506
38507
38508
38514
38517
38520
38521
38534
38538
38540
38568
38582
38588
38605
38611
38625
38638
38657
38677
38688
38693
38703
38713
38724
38735
38746
38756
38768
38771
38783
38788
38806
38808
38818
38839
38852
38862
38877
38889
38901
38911
38923
38935
38945
38955
38965
38968
38999
39010
39013
39019
39031
39035
39104
39115
39125
39137
39147
39158
39168
39180
39194
39206
39216
39230
39240
39252
39262
39264
39277
39297
39307
39317
39327
39337
39347
39359
39372
39384
39394
39404
39418
39429
39439
39452
39463
39477
39490
39500
39521
39535
39547
39615
39627
39641
39652
39662
39674
39685
39701
39708
39712
39716
39722
39724
39729
39731
39736
39737
39739
39742
39774
39777
39809
39815
39831
39832
39833
39835
39836
39837
39838
39839
39840
39843
39844
39845
39850
39851
39853
39854
39858
39861
39863
39865
39874
39878
39889
39902
39913
39924
39934
39970
39971
39975
39977
39979
39984
39987
39989
39992
39993
39995
39998
39999
40000
40002
40003
40005
40007
40008
40009
40011
40014
40015
40016
40017
40018
40098
40114
40128
40133
40144
40168
40175
40180
40185
40196
40198
40208
40222
40225
40236
40249
40262
40279
40280
40286
40290
40305
40318
40325
40338
40342
40371
40376
40379
40380
40382
40383
40387
40388
40390
40428
40430
40435
40437
40438
40440
40442
40449
40451
40455
40461
40463
40464
40466
40467
40468
40469
40470
40471
40472
40474
40476
40479
40481
40483
40485
40488
40493
40495
40496
40498
40499
40506
40508
40513
40514
40515
40518
40521
40524
40559
40612
40616
40618
40620
40638
40643
40645
40648
40659
40660
40666
40669
40689
40690
40707
40724
40742
40757
40768
40780
40797
40807
40809
40819
40831
40843
40853
40856
40867
40870
40881
40882
40896
40906
40912
40913
40933
40943
40946
40957
40967
40979
40989
41001
41013
41040
41050
41063
41075
41086
41099
41179
41180
41181
41199
41201
41203
41205
41209
41211
41213
41215
41217
41219
41221
41223
41227
41233
41237
41238
41243
41245
41249
41253
41263
41265
41272
41283
41287
41288
41290
41295
41297
41299
41301
41303
41306
41310
41312
41322
41327
41329
41330
41333
41334
41335
41337
41340
41342
41343
41345
41353
41367
41374
41382
41402
41415
41429
41440
41455
41472
41487
41513
41522
41530
41546
41547
41564
41567
41579
41596
41606
41607
41624
41654
41664
41666
41681
41685
41696
41712
41724
41737
41747
41756
41766
41825
41837
41848
41860
41872
41873
41896
41907
41919
41928
41936
41939
41953
41958
41969
41978
41991
42001
42004
42017
42035
42049
42061
42073
42084
42096
42108
42119
42131
42134
42149
42161
42176
42188
42191
42201
42215
42218
42234
42246
42272
42283
42294
42338
42340
42344
42345
42346
42347
42349
42372
42384
42387
42389
42391
42392
42395
42400
42405
42407
42409
42412
42413
42421
42423
42433
42436
42440
42442
42451
42452
42454
42455
42481
42482
42486
42487
42488
42492
42493
42501
42504
42507
42516
42526
42527
42537
42551
42564
42590
42591
42592
42594
42595
42596
42598
42601
42616
42626
42627
42629
42639
42646
42651
42654
42656
42658
42663
42667
42671
42675
42679
42683
42687
42689
42691
42695
42699
42703
42705
42707
42711
42713
42715
42719
42723
42727
42731
42733
42735
42737
42739
42741
42743
42745
42747
42749
42751
42755
42759
42763
42765
42767
42770
42771
42775
42777
42779
42783
42787
42789
42791
42795
42803
42807
42811
42815
42819
42821
42823
42827
42831
42835
42839
42843
42847
42851
42855
42859
42863
42867
42871
42875
42879
42883
42887
42891
42895
42899
42903
42907
42911
42915
42919
42923
42927
42931
42935
42939
42943
42945
42947
42949
42951
42955
42959
42963
42967
42971
42975
42979
42983
42987
42991
42995
42999
43003
43007
43011
43015
43019
43023
43027
43031
43035
43037
43039
43043
43047
43051
43055
43059
43063
43067
43071
43075
43079
43083
43087
43091
43095
43099
43103
43107
43111
43113
43115
43117
43119
43123
43127
43131
43135
43139
43143
43147
43151
43155
43159
43163
43167
43171
43175
43179
43183
43187
43189
43191
43195
43199
43201
43203
43207
43211
43215
43219
43223
43229
43243
43249
43251
43252
43255
43256
43257
43258
43259
43261
43262
43263
43265
43272
43278
43279
43280
43282
43283
43284
43289
43292
43293
43294
43296
43297
43298
43299
43301
43302
43306
43318
43328
43343
43354
43400
43401
43423
43435
43447
43453
43457
43467
43471
43476
43490
43492
43497
43504
43505
43510
43511
43518
43520
43521
43532
43533
43535
43536
43537
43538
43540
43541
43542
43543
43545
43546
43547
43548
43549
43551
43553
43555
43557
43558
43562
43574
43575
43579
43617
43620
43626
43629
43637
43640
43658
43671
43684
43695
43701
43741
43753
43768
43780
43793
43798
43809
43821
43830
43835
43844
43849
43858
43868
43879
43894
43900
43922
43938
43945
43949
43960
43974
43990
43992
43997
44078
44079
44082
44084
44086
44090
44094
44096
44099
44101
44103
44106
44109
44112
44115
44119
44121
44123
44125
44128
44130
44132
44134
44140
44142
44144
44146
44149
44151
44154
44156
44159
44161
44164
44166
44169
44171
44174
44176
44179
44181
44184
44186
44188
44190
44192
44194
44197
44199
44201
44203
44205
44209
44213
44217
44221
44223
44226
44233
44235
44237
44238
44239
44240
44241
44242
44244
44245
44246
44247
44248
44249
44250
44251
44252
44253
44255
44256
44257
44258
44259
44260
44261
44264
44277
44291
44309
44320
44331
44343
44355
44370
44376
44385
44398
44412
44424
44436
44449
44458
44467
44478
44482
44493
44503
44513
44523
44534
44545
44565
44568
44579
44604
44614
44627
44640
44653
44664
44676
44685
44704
44715
44725
44737
44749
44761
44773
44790
44804
44819
44829
44839
44849
44859
44871
44882
44894
44906
44919
44920
44921
44923
44928
44931
44932
44933
44935
44937
44942
44944
44947
44948
44952
44961
44976
45053
45056
45057
45059
45061
45064
45068
45109
45118
45125
45130
45133
45139
45145
45146
45147
45150
45151
45154
45155
45158
45159
45162
45165
45170
45171
45174
45175
45178
45181
45182
45185
45186
45189
45190
45194
45236
45238
45243
45267
45270
45275
45279
45280
45281
45282
45284
45293
45296
45298
45301
45306
45307
45310
45312
45314
45315
45316
45317
45318
45319
45321
45323
45325
45326
45327
45328
45329
45330
45332
45333
45340
45342
45343
45344
45348
45349
45350
45351
45352
45359
45371
45373
45420
45421
45423
45424
45434
45436
45437
45438
45441
45442
45443
45447
45448
45449
45450
45451
45453
45455
45457
45458
45459
45461
45462
45463
45465
45468
45473
45476
45478
45479
45480
45481
45484
45498
45515
45559
45576
45583
45619
45641
45655
45656
45657
45658
45661
45662
45663
45665
45669
45685
45687
45688
45695
45696
45701
45702
45708
45709
45713
45714
45730
45744
45749
45755
45756
45757
45760
45761
45764
45765
45776
45778
45781
45786
45787
45796
45798
45801
45802
45804
45806
45809
45810
45811
45812
45814
45816
45818
45820
45822
45824
45825
45827
45828
45829
45830
45832
45833
45837
45843
45844
45849
45906
45908
45915
45919
45934
45951
45957
45963
45976
46000
46008
46027
46039
46054
46056
46060
46066
46069
46070
46072
46075
46077
46079
46081
46089
46094
46095
46100
46101
46103
46105
46107
46109
46111
46113
46115
46117
46119
46121
46123
46129
46130
46134
46139
46145
46146
46152
46153
46154
46155
46156
46158
46160
46164
46183
46184
46185
46187
46188
46190
46191
46193
46194
46195
46196
46197
46198
46200
46202
46204
46205
46206
46207
46208
46209
46210
46212
46213
46215
46216
46217
46221
46222
46225
46227
46228
46229
46230
46231
46232
46234
46238
46239
46241
46242
46243
46246
46247
46249
46250
46251
46254
46256
46259
46261
46262
46263
46265
46266
46269
46273
46275
46277
46279
46284
46286
46287
46288
46293
46295
46296
46318
46421
46424
46449
46454
46457
46494
46501
46573
46575
46578
46579
46605
46607
46609
46611
46619
46623
46625
46627
46631
46632
46634
46636
46639
46663
46665
46666
46670
46671
46690
46692
46698
46699
46722
46723
46725
46726
46727
46728
46729
46730
46732
46733
46734
46736
46738
46739
46740
46741
46742
46744
46745
46746
46748
46752
46754
46757
46759
46782
46789
46793
46803
46820
46821
46822
46830
46831
46832
46834
46835
46843
46845
46854
46855
46856
46860
46865
46866
46867
46868
46869
46870
46871
46872
46873
46874
46876
46877
46879
46979
47009
47044
47046
47050
47051
47053
47061
47062
47078
47080
47087
47091
47092
47097
47098
47099
47102
47104
47105
47108
47112
47115
47117
47119
47120
47121
47123
47125
47129
47130
47131
47133
47135
47136
47137
47138
47140
47141
47143
47145
47147
47149
47150
47155
47156
47157
47160
47162
47174
47175
47177
47183
47185
47187
47242
47247
47248
47249
47250
47251
47253
47255
47256
47257
47259
47261
47267
47268
47293
47295
47300
47316
47319
47321
47329
47331
47339
47342
47365
47366
47374
47375
47376
47377
47378
47379
47380
47381
47382
47383
47384
47385
47386
47388
47389
47390
47391
47392
47393
47394
47396
47397
47398
47399
47401
47402
47404
47406
47407
47408
47409
47411
47413
47414
47415
47416
47417
47418
47419
47421
47422
47425
47426
47427
47428
47429
47432
47433
47434
47436
47437
47438
47439
47440
47441
47442
47444
47445
47447
47451
47452
47453
47457
47458
47459
47461
47463
47469
47471
47473
47475
47476
47477
47478
47480
47481
47493
47495
47519
47523
47532
47540
47542
47544
47556
47560
47564
47574
47590
47592
47614
47625
47635
47646
47658
47673
47698
47713
47716
47784
47796
47801
47821
47825
47830
47833
47838
47856
47866
47868
47873
47892
47916
47918
47920
47923
47925
47928
47930
47935
47941
47949
47951
47953
47955
47957
47962
47964
47966
47968
47972
47980
47990
47993
47995
47997
47999
48001
48003
48007
48010
48012
48016
48018
48022
48026
48028
48030
48038
48042
48043
48045
48053
48054
48056
48058
48059
48061
48063
48065
48066
48067
48068
48069
48073
48075
48077
48085
48087
48096
48125
48131
48136
48141
48146
48147
48148
48149
48150
48151
48153
48158
48160
48190
48195
48200
48221
48226
48230
48247
48248
48249
48251
48254
48264
48266
48279
48284
48286
48287
48288
48289
48290
48292
48294
48295
48297
48298
48299
48301
48302
48303
48304
48306
48307
48308
48311
48313
48315
48316
48319
48321
48323
48326
48327
48328
48405
48467
48482
48511
48521
48535
48546
48562
48567
48580
48582
48584
48590
48605
48607
48608
48609
48612
48620
48623
48625
48627
48629
48632
48635
48639
48640
48656
48659
48660
48661
48662
48669
48670
48671
48674
48675
48676
48678
48679
48681
48682
48683
48685
48686
48687
48689
48690
48694
48695
48696
48697
48698
48700
48701
48702
48703
48708
48709
48710
48711
48713
48715
48716
48719
48720
48722
48724
48726
48727
48729
48730
48731
48732
48734
48736
48738
48740
48742
48744
48746
48748
48750
48758
48759
48765
48766
48770
48856
48858
48871
48874
48875
48884
48893
48907
48908
48914
48916
48927
48929
48931
48933
48940
48948
48960
48963
48967
48973
48975
48985
48986
48987
48988
48990
48991
48993
48995
48996
48997
48999
49000
49001
49002
49003
49004
49005
49006
49008
49009
49011
49012
49013
49014
49016
49018
49020
49023
49027
49029
49031
49035
49037
49038
49039
49040
49041
49042
49043
49044
49045
49046
49048
49050
49051
49052
49053
49055
49056
49057
49059
49060
49061
49062
49063
49066
49068
49070
49072
49073
49076
49077
49078
49079
49080
49082
49086
49087
49089
49091
49096
49098
49101
49103
49109
49113
49117
49126
49130
49143
49145
49147
49165
49174
49176
49207
49214
49216
49219
49222
49225
49231
49242
49256
49259
49269
49280
49303
49315
49318
49322
49327
49355
49359
49362
49390
49392
49396
49398
49400
49401
49415
49419
49420
49422
49425
49426
49444
49464
49472
49488
49493
49498
49500
49502
49504
49526
49529
49531
49560
49566
49569
49571
49573
49577
49579
49597
49598
49600
49603
49604
49605
49607
49608
49610
49611
49612
49613
49614
49616
49617
49618
49620
49622
49623
49624
49625
49626
49627
49628
49629
49636
49638
49643
49645
49656
49660
49664
49670
49674
49678
49704
49707
49715
49728
49757
49763
49764
49765
49770
49780
49782
49784
49788
49790
49792
49794
49796
49798
49800
49802
49807
49812
49823
49830
49831
49834
49844
49855
49856
49861
49874
49875
49877
49881
49883
49886
49888
49891
49893
49899
49901
49908
49913
49933
49934
49939
49940
49945
49957
49969
50012
50013
50014
50016
50017
50018
50019
50020
50021
50023
50024
50025
50026
50027
50029
50031
50032
50035
50036
50037
50038
50039
50055
50057
50059
50061
50064
50067
50069
50082
50083
50144
50146
50148
50149
50150
50151
50152
50155
50156
50159
50160
50161
50162
50164
50165
50166
50167
50169
50170
50171
50172
50173
50174
50175
50176
50177
50178
50198
50204
50206
50210
50211
50217
50218
50222
50223
50226
50230
50231
50236
50237
50241
50245
50248
50350
50354
50362
50369
50388
50389
50390
50391
50392
50393
50394
50395
50396
50397
50398
50399
50400
50402
50403
50405
50406
50407
50408
50410
50411
50412
50413
50414
50415
50416
50417
50422
50427
50433
