7
55
152
245
398
586
685
704
737
825
884
963
972
982
1003
1023
1050
1080
1119
1164
1181
1209
1258
1263
1349
1416
1434
1503
1510
1539
1620
1627
1640
1720
1731
1889
1896
2059
2062
2063
2067
2070
2073
2074
2077
2079
2101
2102
2112
2114
2126
2128
2129
2143
2207
2371
2750
2929
2964
3024
3037
3042
3046
3049
3056
3059
3066
3067
3074
3075
3080
3082
3089
3090
3094
3098
3100
3108
3111
3113
3121
3122
3125
3126
3133
3134
3152
3154
3162
3170
3175
3176
3177
3234
3243
3249
3250
3254
3273
3278
3281
3285
3286
3305
3306
3307
3309
3311
3315
3316
3325
3327
3338
3342
3351
3357
3361
3402
3408
3422
3453
3455
3468
3476
3486
3487
3488
3498
3499
3500
3504
3506
3512
3513
3514
3515
3545
3548
3556
3561
3563
3564
3565
3567
3571
3576
3587
3592
3603
3605
3606
3613
3617
3618
3631
3643
3650
3662
3663
3695
3699
3708
3711
3712
3725
3729
3736
3738
3739
3742
3743
3751
3768
3796
3797
3801
3809
3810
3813
3817
3822
3823
3832
3854
3856
3866
3867
3868
3870
3885
3888
3893
3899
3901
3908
3910
3946
3950
3953
3961
3963
3967
3980
3983
3984
3986
4005
4006
4017
4027
4031
4048
4049
4070
4074
4075
4083
4084
4085
4102
4109
4110
4115
4120
4125
4127
4138
4142
4148
4160
4170
4172
4193
4194
4197
4210
4219
4220
4226
4234
4273
4283
4294
4317
4320
4324
4327
4339
4345
4349
4351
4355
4356
4358
4377
4427
4430
4435
4440
4441
4454
4462
4466
4469
4472
4523
4527
4528
4538
4542
4550
4574
4598
4609
4615
4638
4646
4649
4654
4664
4668
4670
4672
4678
4679
4683
4688
4694
4695
4696
4698
4700
4709
4726
4727
4732
4746
4756
4757
4760
4761
4767
4768
4769
4771
4773
4774
4787
4789
4792
4793
4794
4798
4804
4811
4812
4814
4827
4853
4855
4856
4858
4863
4867
4882
4886
4888
4890
4893
4911
4923
4924
4943
4947
4954
4957
4963
4967
4979
4982
4987
4993
4995
5005
5006
5008
5011
5015
5035
5052
5067
5068
5079
5082
5088
5096
5099
5102
5109
5110
5114
5121
5128
5131
5135
5136
5149
5157
5159
5171
5177
5179
5184
5205
5220
5222
5223
5226
5243
5248
5263
5264
5273
5276
5286
5291
5298
5300
5303
5326
5329
5330
5348
5357
5380
5383
5386
5395
5402
5407
5410
5424
5426
5427
5428
5440
5441
5443
5444
5447
5456
5482
5493
5496
5500
5503
5508
5530
5532
5534
5535
5537
5558
5577
5586
5589
5593
5601
5604
5605
5613
5637
5638
5641
5647
5649
5658
5662
5675
5679
5682
5708
5709
5715
5728
5730
5735
5744
5774
5778
5779
5788
5823
5830
5834
5843
5846
5847
5855
5857
5860
5863
5864
5881
5883
5885
5886
5890
5891
5919
5920
5921
5922
5923
5924
5926
5927
5933
5938
5950
5962
5963
5969
5972
5973
5990
6002
6014
6016
6054
6071
6074
6081
6104
6110
6112
6121
6143
6145
6149
6151
6157
6159
6160
6168
6169
6170
6171
6176
6177
6179
6180
6199
6202
6205
6206
6215
6220
6228
6244
6256
6266
6269
6278
6290
6291
6306
6340
6344
6361
6380
6387
6395
6401
6402
6406
6450
6452
6464
6466
6468
6472
6477
6485
6499
6500
6501
6504
6506
6516
6522
6524
6534
6545
6563
6564
6569
6581
6583
6590
6598
6599
6602
6624
6639
6653
6663
6664
6666
6677
6691
6694
6695
6698
6720
6732
6746
6747
6778
6779
6796
6802
6812
6813
6820
6824
6825
6827
6828
6832
6834
6844
6845
6852
6857
6858
6869
6875
6892
6901
6903
6904
6906
6915
6917
6923
6927
6937
6941
6960
6963
6969
6970
6982
6993
6996
6997
7000
7001
7027
7033
7061
7084
7111
7126
7129
7132
7142
7149
7168
7172
7181
7190
7191
7200
7204
7206
7208
7211
7216
7223
7224
7229
7232
7243
7245
7265
7279
7294
7295
7298
7310
7314
7321
7324
7325
7329
7340
7345
7348
7350
7356
7360
7364
7374
7381
7386
7410
7421
7434
7435
7436
7437
7439
7442
7444
7446
7447
7455
7468
7474
7475
7477
7478
7479
7486
7492
7497
7506
7516
7519
7527
7537
7539
7545
7551
7554
7555
7569
7584
7590
7595
7604
7612
7634
7639
7644
7658
7660
7662
7663
7665
7667
7681
7682
7694
7707
7709
7713
7714
7715
7743
7756
7761
7783
7788
7790
7799
7816
7824
7834
7838
7841
7853
7862
7872
7873
7874
7883
7888
7890
7894
7896
7897
7898
7933
7936
7945
7955
7964
7965
7969
7978
7983
7984
7985
7986
7992
7999
8003
8011
8018
8019
8021
8025
8034
8043
8049
8062
8064
8070
8072
8074
8078
8081
8107
8110
8137
8157
8159
8165
8166
8171
8176
8179
8187
8193
8202
8210
8228
8244
8268
8269
8274
8278
8279
8280
8282
8287
8290
8332
8339
8347
8349
8361
8379
8389
8395
8399
8431
8444
8445
8448
8455
8456
8457
8459
8460
8485
8492
8495
8505
8518
8528
8548
8561
8566
8591
8596
8599
8601
8605
8621
8629
8630
8634
8658
8659
8660
8662
8663
8665
8676
8677
8680
8686
8690
8693
8701
8703
8707
8712
8714
8718
8719
8728
8736
8750
8751
8752
8755
8766
8767
8770
8773
8777
8778
8796
8814
8815
8830
8833
8837
8838
8840
8843
8845
8847
8851
8853
8864
8868
8872
8881
8883
8884
8887
8890
8900
8903
8905
8919
8921
8927
8937
8938
8940
8950
8962
8965
8980
8994
8995
8998
8999
9000
9004
9006
9014
9021
9023
9024
9041
9046
9065
9068
9076
9077
9079
9080
9081
9085
9086
9103
9116
9129
9133
9143
9145
9151
9152
9159
9173
9195
9196
9197
9202
9207
9212
9219
9224
9230
9232
9233
9234
9239
9250
9257
9267
9279
9285
9294
9312
9313
9314
9315
9317
9331
9332
9342
9345
9349
9361
9362
9374
9375
9376
9377
9378
9379
9380
9383
9384
9386
9398
9409
9412
9413
9415
9416
9420
9427
9438
9439
9440
9442
9447
9454
9461
9491
9492
9499
9504
9527
9543
9547
9549
9565
9566
9570
9571
9574
9575
9576
9577
9594
9595
9597
9598
9599
9602
9603
9605
9606
9610
9615
9616
9619
9621
9623
9647
9659
9660
9664
9667
9669
9671
9672
9673
9684
9690
9694
9698
9701
9704
9712
9714
9730
9750
9751
9754
9756
9758
9776
9785
9787
9788
9801
9802
9813
9817
9829
9840
9844
9852
9853
9856
9862
9898
9901
9902
9908
9916
9917
9920
9928
9929
9931
9946
9947
9953
9956
9976
9982
9987
9989
9990
9998
10001
10005
10013
10017
10018
10019
10020
10021
10032
10039
10041
10067
10072
10073
10074
10075
10077
10079
10098
10099
10108
10111
10130
10141
10151
10171
10174
10176
10178
10197
10210
10216
10218
10219
10228
10235
10236
10242
10247
10257
10259
10263
10264
10270
10280
10292
10307
10310
10322
10334
10336
10343
10350
10352
10362
10367
10371
10377
10378
10385
10390
10393
10395
10397
10406
10407
10414
10415
10416
10427
10436
10460
10461
10464
10467
10468
10479
10485
10486
10487
10489
10491
10513
10517
10518
10520
10521
10531
10545
10556
10561
10562
10563
10567
10570
10571
10574
10585
10591
10593
10598
10600
10602
10605
10606
10607
10608
10609
10610
10613
10614
10617
10623
10636
10646
10648
10658
10661
10663
10664
10670
10671
10672
10674
10682
10694
10704
10717
10719
10722
10723
10735
10750
10757
10761
10762
10793
10796
10797
10800
10809
10814
10816
10820
10822
10823
10825
10829
10842
10849
10853
10861
10887
10893
10897
10900
10901
10902
10905
10906
10907
10908
10909
10911
10918
10929
10930
10933
10938
10945
10947
10948
10949
10957
10958
10969
10977
10979
10998
10999
11007
11018
11019
11025
11031
11032
11042
11047
11064
11071
11079
11080
11083
11088
11089
11097
11099
11115
11120
11123
11126
11139
11144
11148
11149
11154
11162
11170
11183
11204
11211
11245
11246
11260
11262
11277
11286
11287
11291
11293
11295
11300
11312
11313
11315
11319
11333
11337
11344
11347
11348
11349
11353
11369
11375
11380
11381
11384
11385
11389
11390
11398
11406
11420
11423
11424
11425
11430
11436
11441
11443
11447
11450
11464
11466
11467
11471
11478
11485
11507
11523
11526
11530
11551
11555
11573
11575
11576
11586
11602
11614
11627
11631
11639
11645
11647
11653
11657
11665
11712
11714
11718
11719
11733
11737
11738
11739
11741
11748
11760
11762
11764
11765
11776
11783
11786
11798
11805
11808
11809
11810
11817
11821
11822
11833
11834
11837
11856
11861
11872
11875
11880
11881
11892
11894
11895
11908
11909
11913
11915
11920
11924
11929
11930
11931
11935
11944
11950
11956
11957
11961
11963
11966
11967
11970
11981
11985
11988
11995
12017
12018
12047
12051
12053
12056
12058
12061
12062
12090
12093
12094
12104
12108
12120
12127
12128
12143
12145
12152
12185
12187
12193
12197
12205
12212
12213
12217
12226
12271
12284
12286
12288
12292
12295
12298
12299
12311
12317
12320
12325
12362
12365
12376
12398
12400
12404
12405
12412
12415
12420
12425
12442
12480
12486
12819
12904
13080
