1
27
75
86
129
139
141
186
417
551
620
730
842
904
940
1301
1431
1575
1676
1718
1835
1854
1948
2013
2155
2161
2182
2183
2199
2204
2212
2213
2227
2233
2244
2245
2249
2252
2259
2261
2263
2264
2296
2299
2301
2308
2332
2337
2341
2357
2370
2392
2393
2394
2409
2426
2441
2448
2463
2468
2541
2572
2693
2749
2766
2828
3006
3104
3197
3225
3318
3337
3380
3421
3585
3593
3619
3624
3716
3821
3985
4039
4171
4182
4348
4350
4451
4579
4588
4680
4690
4917
4920
4996
5051
5073
5152
5170
5242
5258
5259
5414
5450
5461
5636
5747
5751
5879
6045
6108
6133
6201
6217
6399
6438
6448
6508
6605
6613
6615
6642
6733
6766
6807
6861
7089
7140
7291
7299
7395
7581
7646
7692
7710
7753
7759
7929
8030
8185
8367
8400
8405
8529
8535
8545
8575
8647
8661
9005
9031
9127
9166
9167
9249
9581
9656
9657
9665
9719
10034
10061
10089
10120
10541
10695
10711
10788
10836
10847
10990
11210
11236
11377
11413
11477
11536
11548
11589
11591
11632
11842
11864
11904
12316
12462
12528
12683
12684
12884
12914
12972
12976
12987
13057
13069
