6
33
34
35
47
49
57
58
77
78
79
80
84
100
122
123
124
126
127
128
129
130
131
132
140
142
143
148
149
190
202
216
239
251
252
259
268
351
370
372
375
407
431
432
435
444
454
459
588
589
619
623
681
682
686
703
710
715
729
747
748
759
765
769
775
778
808
818
819
820
821
822
825
828
862
866
868
870
876
879
1001
1004
1007
1012
1013
1015
1019
1021
1023
1028
1029
1032
1035
1045
1049
1051
1052
1056
1057
1078
1096
1097
1099
1100
1105
1113
1117
1128
1130
1156
1168
1214
1215
1220
1223
1227
1231
1232
1242
1245
1246
1250
1307
1308
1310
1315
1316
1317
1321
1323
1327
1328
1337
1370
1371
1374
1375
1381
1385
1386
1389
1395
1407
1409
1411
1417
1433
1434
1435
1440
1441
1442
1448
1449
1451
1461
1462
1465
1467
1480
1481
1495
1554
1557
1560
1576
1578
1579
1580
1581
1583
1622
1623
1624
1626
1629
1631
1632
1637
1638
1639
1646
1647
1652
1656
1683
1687
1701
1715
1722
1743
1745
1753
1801
1804
1807
1811
1813
1815
1821
1837
1840
1846
1849
1850
1852
1853
1855
1859
1860
1861
1900
1901
1903
1905
1907
1909
1911
1912
1913
1914
1915
1916
1917
1918
2002
2007
2008
2010
2013
2015
2018
2026
2027
2038
2039
2040
2042
2044
2052
2053
2076
2078
2081
2085
2096
2097
2098
2103
2109
2114
2116
2122
2125
2132
2140
2152
2153
2163
2166
2175
2176
2177
2178
2179
2180
2181
2182
2183
2184
2192
2208
2209
2215
2221
2224
2225
2227
2235
2239
2243
2246
2250
2254
2262
2263
2264
2265
2266
2267
2268
2270
2272
2273
2274
2275
2276
2277
2278
2281
2282
2283
2284
2286
2287
2288
2289
2290
2291
2292
2293
2294
2295
2296
2297
2299
2300
2301
2302
2303
2304
2305
2306
2307
2308
2309
2310
2311
2312
2313
2314
2315
2316
2317
2318
2320
2321
2322
2324
2325
2326
2330
2343
2353
2354
2355
2358
2365
2366
2367
2368
2369
2372
2374
2378
2379
2386
2391
2398
2399
2400
2401
2402
2403
2404
2405
2406
2407
2408
2409
2410
2411
2412
2413
2414
2415
2417
2418
2419
2420
2421
2422
2423
2424
2425
2426
2427
2428
2429
2430
2431
2432
2433
2434
2437
2438
2439
2440
2441
2442
2445
2446
2447
2448
2449
2450
2451
2452
2453
2454
2457
2458
2459
2460
2461
2462
2463
2464
2465
2466
2467
2468
2470
2471
2472
2473
2474
2476
2477
2478
2479
2480
2481
2482
2483
2484
2485
2486
2487
2488
2489
2490
2491
2492
2494
2495
2496
2497
2498
2499
2500
2501
2502
2503
2504
2505
2506
2507
2508
2509
2510
2511
2512
2513
2514
2515
2516
2518
2519
2520
2521
2522
2523
2524
2525
2526
2527
2528
2529
2530
2531
2532
2560
2578
2579
2580
2582
2587
2589
2601
2616
2617
2618
2619
2620
2621
2622
2623
2624
2625
2626
2627
2628
2629
2630
2631
2660
2664
2666
2667
2668
2669
2670
2672
2673
2677
2680
2682
2684
2687
2691
2705
2717
2719
2721
2722
2724
2725
2727
2729
2730
2731
2732
2734
2748
2757
2771
2773
2781
2785
2786
2787
2793
2794
2795
2798
2807
2809
2811
2812
2826
2831
2863
2864
2872
2873
2874
2875
2881
2883
2884
2887
2893
2895
2896
2898
2901
2920
2929
2947
2952
2967
2988
2991
2998
2999
3040
3042
3044
3046
3074
3079
3104
3105
3108
3112
3114
3115
3116
3118
3119
3124
3125
3126
3135
3138
3140
3141
3157
3159
3160
3161
3163
3164
3165
3169
3170
3173
3180
3181
3195
3197
3198
3200
3201
3203
3205
3206
3207
3208
3210
3212
3213
3214
3215
3216
3217
3218
3220
3223
3225
3226
3235
3239
3241
3244
3248
3266
3275
3290
3294
3297
3300
3305
3312
3313
3328
3338
3339
3342
3345
3347
3348
3350
3351
3354
3356
3359
3360
3367
3368
3379
3380
3381
3382
3384
3385
3386
3390
3393
3394
3396
3397
3399
3400
3401
3402
3403
3405
3406
3407
3409
3410
3414
3415
3416
3419
3442
3443
3455
3466
3467
3470
3472
3474
3475
3477
3478
3481
3483
3484
3485
3486
3489
3493
3494
3496
3499
3500
3506
3509
3511
3514
3517
3518
3519
3520
3523
3525
3527
3531
3534
3535
3536
3537
3541
3545
3549
3551
3552
3559
3560
3561
3562
3563
3565
3573
3575
3576
3577
3578
3579
3580
3581
3585
3593
3595
3597
3601
3603
3607
3618
3619
3621
3625
3626
3627
3628
3629
3630
3631
3634
3637
3639
3640
3641
3642
3645
3646
3647
3648
3649
3650
3651
3653
3656
3658
3659
3728
3732
3737
3741
3743
3748
3749
3752
3753
3754
3755
3763
3764
3773
3774
3782
3787
3788
3794
3796
3797
3798
3802
3803
3804
3805
3806
3807
3810
3812
3813
3814
3818
3819
3830
3831
3832
3834
3835
3856
3861
3864
3869
3870
3871
3876
3880
3882
3884
3885
3887
3888
3891
3892
3894
3896
3897
3898
3902
3903
3904
3906
3907
3909
3914
3916
3920
3925
3926
3930
3932
3933
3935
3941
3969
3982
4002
4005
4006
4008
4009
4010
4013
4017
4020
4025
4026
4030
4034
4036
4037
4038
4039
4040
4041
4044
4046
4047
4069
4071
4082
4089
4099
4100
4101
4103
4105
4109
4110
4114
4115
4116
4117
4119
4121
4124
4127
4128
4132
4136
4137
4138
4139
4140
4142
4153
4158
4161
4164
4167
4177
4180
4181
4190
4193
4195
4196
4199
4200
4204
4206
4207
4208
4211
4216
4217
4225
4250
4269
4271
4273
4274
4275
4276
4277
4280
4281
4282
4283
4284
4285
4286
4287
4288
4291
4292
4293
4294
4295
4297
4299
4306
4307
4317
4338
4361
4369
4370
4371
4373
4378
4380
4385
4387
4391
4394
4397
4405
4409
4415
4427
4439
4445
4446
4453
4454
4456
4457
4460
4463
4464
4465
4466
4467
4468
4469
4470
4471
4473
4474
4475
4476
4477
4478
4480
4487
4488
4492
4494
4497
4498
4503
4514
4518
4519
4523
4526
4527
4532
4533
4545
4549
4550
4554
4559
4560
4562
4565
4567
4571
4572
4573
4574
4575
4576
4584
4597
4723
4724
4727
4731
4733
4735
4738
4741
4745
4750
4751
4758
4760
4761
4763
4765
4767
4769
4771
4806
4833
4836
4839
4841
4845
4847
4852
4885
4897
4944
4952
4954
4960
4966
4967
4970
4971
4972
4978
4980
4981
4982
4986
4988
4989
4991
4994
4995
4997
4998
5000
5002
5013
5014
5016
5021
5022
5023
5026
5027
5045
5049
5050
5051
5056
5058
5066
5067
5069
5072
5075
5076
5077
5080
5084
5093
5103
5117
5118
5121
5129
5133
5136
5137
5176
5209
5210
5214
5217
5221
5229
5230
5233
5247
5252
5279
5292
5294
5296
5307
5308
5332
5334
5336
5337
5340
5342
5343
5345
5346
5349
5351
5353
5354
5356
5370
5377
5379
5393
5416
5435
5450
5459
5460
5462
5463
5465
5470
5475
5482
5486
5487
5505
5508
5511
5515
5537
5539
5546
5551
5565
5567
5569
5570
5573
5574
5576
5577
5578
5580
5584
5585
5587
5591
5592
5599
5603
5615
5616
5675
5677
5682
5686
5687
5689
5693
5694
5702
5704
5706
5709
5714
5722
5724
5728
5731
5732
5736
5737
5741
5742
5743
5744
5745
5746
5747
5748
5824
5825
5826
5827
5828
5833
5835
5836
5844
5845
5846
5847
5848
5849
5851
5856
5866
5867
5868
5876
5882
5898
5900
5903
5904
5913
5914
5915
5918
5921
5922
5926
5929
5942
5944
5964
5973
5974
5978
5980
5982
5984
6031
6040
6044
6047
6048
6049
6050
6059
6066
6069
6072
6074
6075
6076
6079
6081
6082
6083
6085
6086
6087
6088
6091
6093
6141
6185
6188
6209
6283
6287
6288
6290
6294
6295
6296
6297
6309
6313
6318
6361
6413
6430
6431
6438
6440
6441
6443
6444
6445
6451
6472
6485
6498
6514
6516
6517
6521
6522
6523
6524
6525
6531
6534
6538
6588
6593
6601
6604
6608
6612
6623
6628
6629
6630
6632
6633
6636
6638
6650
6651
6684
6695
6746
6751
6754
6755
6756
6760
6767
6768
6770
6776
6790
6793
6807
6823
6824
6825
6829
6830
6834
6835
6836
6839
6842
6849
6875
6887
6890
6891
6898
6899
6900
6908
6916
6919
6941
6943
6949
6953
6954
6960
6963
6964
6966
6968
6970
6971
6975
7011
7020
7026
7032
7037
7038
7041
7051
7085
7102
7131
7132
7134
7136
7137
7138
7140
7142
7144
7172
7222
7229
7232
7233
7235
7242
7245
7246
7251
7259
7260
7262
7263
7272
7275
7300
7301
7302
7310
7328
7334
7348
7350
7352
7353
7355
7356
7359
7363
7366
7367
7368
7376
7378
7427
7432
7434
7467
7469
7480
7485
7488
7493
7506
7511
7516
7519
7523
7535
7539
7540
7541
7543
7544
7545
7548
7551
7602
7604
7605
7607
7611
7613
7614
7616
7619
7620
7621
7622
7626
7631
7632
7637
7642
7680
7725
7727
7758
7759
7760
7761
7762
7763
7764
7765
7766
7767
7768
7769
7772
7773
7774
7776
7781
7785
7786
7787
7790
7792
7795
7803
7805
7809
7813
7814
7818
7819
7820
7821
7822
7824
7825
7826
7829
7832
7833
7834
7835
7836
7837
7838
7839
7840
7841
7842
7843
7844
7845
7846
7847
7848
7849
7850
7851
7852
7853
7855
7856
7861
7862
7863
7864
7865
7867
7869
7870
7871
7872
7873
7874
7875
7877
7878
7879
7880
7881
7885
7895
7902
7903
7904
7905
7906
7907
7908
7909
7911
7912
7913
7914
7915
7916
7917
7918
7919
7920
7921
7922
7923
7924
7925
7926
7927
7928
7929
7930
7931
7932
7933
7934
7935
7936
7937
7938
7939
7940
7945
7946
7950
7951
7952
7956
7958
7965
7971
7991
8006
8041
8051
8052
8053
8054
8055
8056
8057
8058
8059
8060
8062
8063
8066
8067
8068
8069
8071
8072
8073
8074
8075
8076
8078
8079
8080
8082
8083
8086
8088
8092
8094
8099
8101
8103
8111
8112
8114
8136
8140
8147
8148
8151
8152
8154
8158
8163
8166
8182
8183
8184
8185
8186
8189
8190
8191
8193
8195
8196
8197
8199
8200
8203
8205
8206
8207
8208
8209
8210
8212
8215
8216
8217
8218
8219
8220
8221
8226
8227
8228
8229
8230
8231
8232
8233
8235
8236
8239
8240
8241
8242
8244
8245
8247
8253
8254
8280
8283
8284
8285
8286
8287
8288
8289
8292
8293
8294
8295
8296
8297
8299
8300
8301
8302
8303
8305
8306
8307
8308
8309
8310
8311
8312
8313
8314
8317
8319
8320
8321
8322
8323
8325
8326
8327
8329
8330
8334
8339
8340
8344
8346
8347
8350
8351
8352
8353
8355
8357
8358
8359
8360
8364
8375
8402
8406
8408
8409
8410
8411
8412
8414
8415
8416
8417
8418
8419
8420
8421
8422
8423
8424
8425
8426
8429
8430
8431
8432
8433
8434
8436
8437
8443
8447
8449
8450
8479
8487
8488
8489
8491
8493
8494
8495
8496
8497
8498
8499
8500
8501
8502
8503
8504
8505
8507
8508
8509
8510
8511
8512
8513
8514
8515
8516
8518
8520
8527
8528
8530
8541
8549
8609
8611
8613
8614
8615
8622
8624
8625
8630
8631
8637
8653
8655
8689
8704
8714
8719
8727
8729
8732
8737
8741
8743
8745
8749
8753
8773
8850
8861
8866
8868
8870
8876
8886
8896
8902
8905
8907
8908
8909
8913
8914
8916
8917
8919
8932
8935
8942
8943
8948
8954
8955
8982
8990
8992
8997
8999
9001
9004
9007
9009
9010
9018
9020
9087
9088
9106
9110
9111
9113
9115
9121
9122
9123
9126
9129
9137
9148
9149
9151
9181
9188
9202
9210
9213
9216
9238
9264
9268
9271
9272
9281
9286
9288
9290
9298
9299
9301
9305
9307
9314
9317
9319
9321
9323
9324
9325
9326
9329
9330
9334
9335
9338
9366
9367
9373
9376
9377
9383
9384
9389
9390
9392
9395
9396
9397
9398
9404
9437
9438
9441
9448
9451
9481
9489
9514
9516
9517
9522
9533
9534
9539
9549
9561
9593
9612
9613
9615
9616
9617
9618
9621
9622
9623
9624
9625
9627
9631
9634
9635
9636
9644
9645
9650
9668
9689
9696
9752
9753
9755
9768
9770
9771
9774
9782
9795
9804
9826
9831
9842
9881
9890
9897
9905
9906
9907
9910
9911
9916
9919
9921
9934
9945
9952
9974
9977
9984
10001
10008
10018
10025
10026
10034
10035
10045
10047
10051
10055
10056
10059
10060
10061
10062
10064
10067
10068
10081
10164
10165
10166
10169
10170
10178
10182
10239
10242
10247
10248
10249
10250
10252
10253
10254
10256
10257
10288
10299
10307
10308
10310
10314
10316
10317
10319
10326
10328
10330
10331
10333
10337
10338
10343
10344
10364
10366
10368
10370
10372
10375
10376
10378
10380
10383
10386
10409
10410
10411
10412
10413
10414
10415
10416
10426
10429
10433
10445
10446
10450
10451
10454
10456
10462
10468
10520
10530
10531
10532
10533
10535
10536
10537
10543
10548
10556
10558
10559
10560
10562
10565
10566
10568
10571
10575
10578
10580
10583
10587
10591
10605
10606
10608
10610
10624
10626
10627
10630
10641
10642
10643
10644
10645
10646
10647
10659
10660
10661
10662
10666
10667
10670
10675
10677
10679
10680
10681
10697
10698
10705
10709
10710
10735
10736
10739
10747
10749
10752
10760
10766
10768
10769
10771
10772
10773
10777
10778
10780
10782
10785
10786
10814
10825
10843
10863
10865
10869
10874
10875
10876
10877
10883
10885
10890
10893
10894
10897
10905
10945
10963
10967
10968
10969
10970
10971
10972
10973
10974
10975
10976
10989
11005
11010
11011
11012
11017
11018
11020
11023
11024
11025
11028
11029
11030
11035
11077
11119
11132
11134
11135
11136
11138
11144
11145
11149
11155
11157
11160
11161
11219
11221
11225
11227
11231
11232
11233
11236
11237
11239
11240
11241
11243
11245
11247
11250
11255
11268
11279
11284
11286
11291
11292
11326
11331
11332
11338
11339
11342
11347
11352
11353
11354
11356
11357
11364
11366
11367
11368
11369
11371
11372
11373
11374
11375
11376
11382
11388
11389
11390
11391
11392
11393
11394
11395
11396
11397
11398
11399
11401
11402
11403
11404
11405
11406
11407
11408
11409
11410
11411
11412
11413
11417
11421
11446
11447
11448
11449
11450
11451
11452
11453
11459
11462
11469
11473
11474
11475
11476
11477
11480
11481
11482
11483
11484
11490
11491
11494
11496
11533
11556
11557
11569
11573
11574
11579
11584
11585
11586
11588
11589
11590
11596
11636
11639
11649
11657
11658
11663
11665
11668
11676
11677
11678
11679
11680
11681
11682
11683
11684
11686
11687
11696
11701
11703
11705
11707
11708
11709
11710
11711
11712
11716
11722
11724
11728
11734
11749
11751
11752
11754
11756
11761
11762
11764
11765
11766
11769
11791
11794
11795
11797
11799
11800
11801
11806
11809
11811
11816
11818
11819
11820
11822
11826
11834
11835
11840
11842
11844
11846
11849
11851
11855
11857
11859
11865
11873
11875
11882
11886
11887
11899
11902
11905
11908
11915
11922
11923
11928
11929
11934
11939
11948
11956
11958
11959
11961
11981
11985
11986
11987
11991
11992
11993
11994
12004
12006
12007
12008
12009
12010
12011
12012
12087
12090
12091
12094
12096
12097
12098
12103
12105
12107
12108
12119
12122
12124
12139
12147
12163
12206
12219
12220
12221
12222
12223
12225
12226
12227
12228
12229
12230
12235
12238
12239
12240
12245
12251
12253
12257
12269
12271
12272
12295
12308
12313
12317
12318
12331
12332
12353
12356
12364
12374
12375
12414
12415
12416
12418
12420
12425
12427
12429
12432
12436
12438
12443
12445
12451
12453
12460
12463
12466
12471
12472
12474
12480
12492
12494
12495
12529
12530
12534
12539
12541
12544
12550
12552
12556
12557
12559
12564
12580
12605
12612
12613
12614
12615
12616
12617
12628
12634
12635
12637
12638
12642
12675
12679
12680
12684
12691
12692
12693
12694
12697
12698
12705
12706
12707
12710
12712
12714
12722
12726
12729
12730
12733
12756
12757
12762
12766
12767
12768
12769
12770
12774
12775
12790
12793
12795
12806
12811
12813
12820
12824
12825
12826
12830
12852
12936
12967
12970
12971
12972
12979
12980
12984
12991
12996
13003
13008
13011
13012
13013
13014
13015
13018
13023
13025
13027
13028
13029
13030
13031
13032
13033
13034
13035
13036
13037
13038
13039
13040
13041
13042
13043
13044
13045
13046
13047
13048
13049
13050
13051
13052
13053
13054
13055
13056
13057
13058
13059
13060
13061
13115
13149
13150
13197
13218
13219
13223
13228
13230
13231
13233
13234
13237
13246
13256
13257
13268
13273
13277
13278
13325
13329
13331
13339
13340
13342
13345
13348
13349
13350
13352
13356
13370
13371
13372
13373
13380
13385
13391
13393
13416
13428
13442
13444
13445
13446
13447
13448
13449
13450
13458
13459
13461
13462
13463
13464
13465
13466
13467
13468
13469
13470
13471
13472
13473
13477
13480
13481
13482
13491
13492
13494
13495
13497
13498
13499
13501
13504
13512
13514
13516
13519
13536
13548
13549
13551
13553
13556
13557
13562
13571
13572
13573
13575
13576
13577
13578
13579
13580
13581
13582
13590
13592
13596
13597
13600
13618
13619
13620
13621
13622
13627
13628
13629
13631
13632
13635
13636
13637
13639
13640
13641
13646
13652
13653
13665
13666
13689
13690
13693
13694
13695
13711
13714
13715
13731
13732
13738
13739
13740
13742
13743
13745
13751
13752
13754
13757
13759
13784
13787
13791
13794
13796
13798
13799
13809
13810
13844
13850
13852
13856
13858
13860
13891
13919
13920
13921
13922
13923
13924
13925
13926
13927
13931
13949
13953
13955
13956
13964
13972
13973
13974
13978
13982
13984
13986
13989
13991
13999
14000
14011
14013
14014
14015
14016
14018
14019
14022
14025
14029
14033
14035
14052
14064
14065
14071
14074
14075
14076
14078
14081
14082
14090
14092
14094
14096
14098
14103
14105
14107
14111
14121
14124
14130
14145
14146
14147
14155
14158
14161
14165
14166
14169
14173
14174
14176
14178
14180
14187
14193
14194
14196
14202
14203
14207
14210
14217
14247
14286
14303
14309
14333
14336
14353
14355
14356
14374
14375
14376
14386
14388
14403
14406
14407
14408
14443
14452
14453
14455
14456
14457
14467
14468
14494
14495
14506
14517
14519
14544
14545
14552
14554
14563
14573
14579
14585
14586
14588
14589
14590
14592
14610
14652
14671
14678
14681
14710
14715
14719
14720
14724
14725
14738
14739
14751
14754
14758
14769
14770
14788
14840
14843
14844
14858
14861
14866
14867
14881
14884
14887
14888
14890
14892
14893
14894
14896
14898
14900
14902
14904
14905
14906
14911
14930
14940
14941
14943
14945
14946
14948
14950
14960
14966
14969
14971
14974
14975
14979
14982
14984
14991
14992
14993
14996
15002
15013
15026
15042
15052
15059
15061
15062
15065
15067
15068
15071
15072
15093
15108
15111
15112
15117
15124
15129
15130
15131
15139
15141
15162
15170
15205
15222
15224
15225
15229
15230
15231
15232
15234
15235
15256
15265
15277
15292
15307
15313
15329
15332
15334
15345
15347
15348
15351
15352
15353
15354
15355
15356
15357
15391
15394
15405
15418
15421
15422
15423
15427
15428
15430
15432
15433
15435
15438
15439
15440
15441
15442
15444
15458
15482
15486
15494
15495
15501
15505
15506
15507
15520
15521
15522
15525
15547
15548
15556
15570
15572
15577
15578
15579
15586
15587
15588
15593
15603
15617
15621
15628
15636
15665
15667
15670
15676
15677
15681
15685
15686
15689
15693
15716
15724
15725
15729
15730
15732
15733
15734
15735
15738
15743
15753
15755
15758
15765
15780
15787
15792
15803
15806
15812
15813
15814
15818
15819
15820
15821
15823
15825
15826
15827
15829
15831
15832
15837
15845
15852
15857
15878
15882
15884
15885
15887
15892
15903
15906
15907
15908
15913
15914
15936
15966
15989
15990
15993
15994
15996
15998
16002
16004
16005
16006
16007
16009
16010
16014
16046
16052
16053
16055
16064
16068
16069
16070
16072
16077
16081
16116
16121
16125
16126
16129
16138
16140
16142
16144
16153
16154
16159
16167
16171
16172
16175
16177
16178
16184
16191
16196
16203
16210
16214
16220
16271
16280
16285
16289
16294
16300
16301
16302
16304
16306
16309
16311
16333
16338
16347
16348
16359
16360
16367
16368
16369
16371
16373
16374
16375
16378
16379
16380
16384
16397
16402
16404
16407
16411
16415
16420
16424
16434
16436
16448
16449
16453
16459
16461
16464
16470
16484
16516
16526
16529
16536
16537
16539
16540
16541
16542
16550
16553
16554
16556
16557
16559
16560
16565
16566
16574
16635
16636
16637
16638
16641
16644
16645
16649
16651
16652
16653
16658
16659
16660
16663
16671
16674
16675
16682
16683
16692
16694
16695
16698
16707
16713
16716
16718
16719
16720
16725
16727
16731
16733
16735
16829
16831
16834
16839
16841
16843
16845
16848
16849
16851
16852
16853
16854
16862
16863
16867
16870
16874
16875
16881
16882
16887
16888
16890
16891
16898
16899
16908
16911
16918
16921
16932
16934
16935
16947
16948
16949
16966
16988
16997
17002
17006
17009
17010
17012
17015
17016
17017
17018
17045
17062
17064
17066
17070
17077
17087
17101
17103
17112
17114
17115
17118
17120
17122
17123
17124
17125
17126
17127
17129
17131
17143
17145
17148
17150
17155
17169
17171
17173
17186
17192
17193
17196
17198
17200
17201
17202
17203
17204
17208
17210
17212
17214
17216
17218
17221
17222
17223
17225
17230
17231
17233
17235
17243
17248
17253
17254
17259
17275
17276
17277
17278
17279
17280
17285
17286
17287
17288
17289
17299
17318
17323
17324
17328
17331
17333
17335
17336
17337
17338
17339
17340
17341
17342
17344
17346
17350
17351
17369
17370
17404
17408
17411
17413
17414
17415
17418
17420
17421
17425
17426
17432
17433
17434
17439
17444
17446
17448
17452
17453
17455
17469
17471
17475
17476
17485
17496
17497
17500
17501
17504
17507
17514
17515
17516
17518
17524
17529
17531
17532
17553
17559
17561
17565
17571
17574
17576
17579
17585
17590
17620
17624
17662
17680
17690
17691
17699
17703
17708
17717
17718
17719
17721
17725
17727
17729
17731
17732
17736
17738
17739
17742
17745
17746
17747
17754
17765
17774
17776
17777
17779
17788
17827
17829
17830
17832
17833
17834
17835
17836
17837
17838
17839
17840
17841
17843
17844
17845
17849
17851
17854
17857
17858
17859
17862
17863
17864
17865
17869
17872
17876
17881
17907
17923
17924
17925
17931
17933
17935
17938
17942
17946
17952
17957
17963
17964
17965
17966
17968
17969
17970
17971
17972
17973
17974
17975
17976
18002
18024
18026
18029
18047
18048
18050
18051
18052
18053
18054
18055
18056
18058
18059
18060
18061
18062
18063
18065
18066
18067
18068
18069
18072
18074
18076
18078
18079
18084
18085
18086
18088
18127
18143
18144
18145
18149
18150
18151
18152
18173
18175
18185
18191
18193
18195
18196
18204
18205
18206
18207
18210
18214
18218
18222
18224
18227
18228
18231
18232
18233
18234
18236
18237
18238
18239
18240
18241
18243
18244
18246
18247
18251
18253
18255
18256
18257
18258
18272
18278
18287
18316
18317
18318
18319
18320
18321
18322
18323
18324
18325
18326
18329
18330
18331
18334
18336
18341
18342
18343
18344
18345
18346
18347
18348
18349
18350
18351
18352
18353
18354
18355
18356
18357
18358
18359
18360
18361
18363
18366
18371
18377
18379
18381
18382
18384
18387
18391
18394
18395
18399
18402
18403
18404
18406
18408
18409
18410
18411
18413
18417
18418
18434
18435
18451
18453
18509
18520
18524
18526
18537
18539
18540
18544
18546
18549
18550
18556
18557
18558
18560
18562
18564
18566
18567
18568
18571
18577
18590
18596
18601
18602
18603
18606
18609
18611
18615
18616
18619
18634
18642
18646
18647
18654
18663
18669
18677
18680
18682
18693
18701
18702
18703
18705
18706
18707
18708
18709
18710
18712
18713
18714
18715
18720
18721
18722
18723
18724
18726
18727
18732
18734
18740
18742
18745
18746
18747
18752
18778
18796
18802
18821
18824
18828
18831
18832
18834
18835
18836
18838
18839
18840
18842
18844
18846
18847
18850
18857
18858
18859
18863
18874
18877
18878
18881
18900
18901
18913
18918
18921
18922
18923
18924
18925
18940
18943
18949
18950
18952
18956
18965
18966
18968
18975
18994
18997
19004
19051
19053
19054
19057
19063
19066
19070
19073
19077
19078
19081
19087
19088
19090
19091
19097
19101
19102
19104
19117
19152
19153
19159
19160
19169
19193
19231
19248
19259
19260
19267
19269
19270
19276
19279
19329
19330
19331
19336
19337
19342
19345
19401
19422
19424
19426
19427
19428
19430
19433
19452
19560
19584
19594
19599
19601
19603
19605
19607
19608
19610
19612
19614
19615
19619
19620
19621
19622
19625
19626
19628
19629
19631
19637
19645
19695
19701
19749
19777
19794
19806
19808
19810
19812
19814
19817
19818
19820
19825
19831
19833
19840
19883
19886
19897
19902
19905
19911
19916
19919
19922
19923
19924
19925
19926
19928
19931
19932
19933
19936
19937
19944
19949
19952
19954
19965
19967
19970
19971
19978
19979
20001
20013
20048
20050
20051
20052
20053
20057
20059
20061
20064
20065
20067
20068
20069
20070
20072
20073
20074
20075
20077
20080
20081
20082
20085
20086
20090
20091
20092
20093
20095
20097
20100
20101
20102
20156
20159
20160
20164
20171
20183
20185
20186
20192
20193
20194
20196
20199
20202
20206
20207
20213
20214
20215
20216
20223
20224
20228
20261
20282
20290
20300
20302
20307
20333
20336
20337
20338
20342
20344
20346
20347
20350
20352
20353
20354
20356
20358
20394
20395
20403
20406
20410
20412
20415
20419
20421
20437
20452
20470
20471
20484
20491
20492
20493
20494
20496
20497
20499
20504
20507
20516
20531
20532
20545
20552
20571
20572
20573
20575
20576
20577
20578
20579
20580
20581
20583
20588
20595
20596
20614
20673
20805
20807
20809
20812
20813
20815
20819
20821
20827
20828
20831
20833
20834
20836
20837
20869
20876
20883
20887
20888
20889
20893
20898
20900
20901
20904
20905
20909
20911
20928
20929
20933
20940
20947
20961
20962
20963
20964
20990
20994
20995
21017
21018
21021
21022
21023
21028
21030
21035
21044
21045
21047
21048
21056
21063
21066
21075
21084
21098
21106
21107
21109
21111
21115
21121
21124
21134
21139
21144
21146
21149
21152
21153
21168
21186
21197
21198
21202
21207
21212
21213
21236
21240
21245
21247
21248
21293
21314
21315
21318
21323
21327
21329
21331
21332
21335
21338
21340
21343
21346
21348
21355
21365
21449
21451
21513
21518
21519
21527
21528
21530
21552
21560
21579
21599
21614
21617
21628
21652
21654
21658
21660
21661
21662
21666
21670
21673
21678
21713
21729
21730
21731
21732
21733
21734
21735
21736
21737
21738
21739
21740
21741
21742
21743
21744
21745
21746
21747
21748
21749
21750
21751
21752
21753
21754
21755
21756
21757
21758
21759
21772
21813
21814
21815
21816
21833
21862
21863
21994
22008
22022
22027
22028
22030
22033
22034
22036
22039
22045
22049
22053
22135
22136
22160
22174
22176
22178
22183
22187
22193
22205
22206
22209
22210
22213
22227
22231
22232
22233
22234
22236
22239
22240
22243
22245
22246
22247
22248
22283
22289
22297
22321
22322
22335
22336
22337
22362
22365
22368
22369
22382
22391
22393
22394
22395
22397
22398
22403
22404
22406
22408
22409
22410
22412
22414
22421
22427
22428
22435
22436
22441
22442
22447
22454
22456
22458
22462
22466
22468
22469
22470
22472
22474
22495
22500
22501
22502
22504
22513
22515
22517
22522
22533
22535
22537
22539
22540
22542
22544
22546
22548
22549
22550
22556
22561
22562
22567
22572
22578
22588
22589
22618
22619
22621
22622
22623
22624
22625
22637
22643
22658
22664
22670
22671
22672
22675
22676
22677
22678
22679
22680
22681
22682
22686
22690
22692
22695
22699
22702
22705
22706
22734
22735
22749
22757
22798
22804
22806
22807
22810
22811
22812
22814
22815
22816
22818
22853
22862
