29
79
222
326
350
363
458
493
522
537
634
797
858
881
981
1096
1126
1131
1246
1280
1293
1398
1446
1505
1571
1745
1916
2146
2200
2294
2320
2388
2520
2634
2642
2659
2730
2738
2747
2775
2823
2871
2962
3017
3026
3028
3159
3297
3340
3341
3348
3415
3446
3463
3484
3581
3702
3715
3762
3842
4001
4081
4082
4343
4413
4443
4456
4485
4517
4669
4766
4849
4874
4936
4966
4971
4992
5028
5105
5317
5318
5366
5390
5391
5429
5548
5663
5685
5693
5725
5742
5874
5902
5967
6027
6069
6146
6254
6332
6626
6661
6662
6670
6673
6804
6806
6818
6839
6841
6867
6881
6895
6930
6946
6959
7023
7077
7094
7127
7257
7261
7282
7376
7394
7547
7585
7610
7613
7673
7705
7725
7735
7887
7901
7989
8123
8138
8163
8169
8229
8240
8305
8501
8645
8681
8685
8709
8811
8862
9012
9037
9051
9059
9336
9359
9485
9642
9679
9728
9764
9818
9838
9839
9860
9906
9979
10002
10029
10046
10053
10115
10185
10204
10226
10314
10366
10446
10451
10477
10546
10548
10589
10673
10679
10691
10700
10798
10807
10817
10818
10959
11067
11091
11112
11133
11153
11216
11227
11274
11331
11429
11561
11580
11625
11728
11777
11824
11886
11907
11925
12044
12204
12321
12323
12378
12389
12409
12438
12445
12508
12523
12525
12547
12549
12557
12559
12562
12602
12604
12615
12639
12657
12705
12751
12883
12891
12938
