0	0
0	2
0	4
0	5
0	6
0	7
0	9
0	12
0	13
0	14
0	15
0	17
0	18
0	21
0	24
0	25
0	28
0	30
0	31
0	32
0	33
0	34
0	35
0	37
0	39
0	40
0	42
0	43
0	45
0	47
0	48
0	49
0	50
0	51
0	52
0	53
0	54
0	55
0	56
0	57
0	59
0	60
0	61
0	63
0	64
0	65
0	66
0	68
0	69
0	70
0	71
0	72
0	74
0	76
0	77
0	78
0	81
0	82
0	83
0	84
0	85
0	88
0	89
0	90
0	91
0	92
0	94
0	95
0	96
0	97
0	99
0	101
0	102
0	103
0	104
0	105
0	107
0	108
0	109
0	110
0	111
0	112
0	113
0	114
0	116
0	117
0	118
0	120
0	121
0	123
0	125
0	127
0	128
0	132
0	133
0	134
0	135
0	136
0	137
0	138
0	142
0	144
0	145
0	146
0	148
0	149
0	150
0	151
0	152
0	153
0	154
0	156
0	157
0	159
0	161
0	162
0	163
0	164
0	165
0	166
0	167
0	169
0	170
0	171
0	172
0	173
0	174
0	175
0	176
0	177
0	178
0	179
0	182
0	183
0	184
0	185
0	187
0	188
0	189
0	190
0	191
0	193
0	194
0	195
0	196
0	197
0	198
0	199
0	200
0	201
0	202
0	203
0	204
0	205
0	206
0	207
0	208
0	211
0	212
0	213
0	218
0	221
0	224
0	225
0	226
0	227
0	228
0	229
0	230
0	231
0	232
0	233
0	234
0	235
0	236
0	237
0	238
0	239
0	240
0	241
0	243
0	244
0	245
0	247
0	248
0	249
0	250
0	251
0	252
0	256
0	257
0	258
0	259
0	260
0	261
0	263
0	264
0	265
0	266
0	267
0	269
0	270
0	271
0	272
0	273
0	275
0	279
0	282
0	283
0	285
0	289
0	292
0	293
0	294
0	297
0	300
0	301
0	302
0	303
0	305
0	306
0	307
0	308
0	310
0	312
0	313
0	314
0	315
0	317
0	318
0	320
0	324
0	325
0	329
0	331
0	332
0	334
0	335
0	336
0	338
0	340
0	344
0	345
0	346
0	348
0	349
0	351
0	352
0	356
0	358
0	364
0	365
0	366
0	368
0	370
0	371
0	372
0	373
0	374
0	375
0	379
0	382
0	383
0	384
0	385
0	387
0	389
0	390
0	391
0	392
0	395
0	397
0	398
0	399
0	401
0	402
0	407
0	408
0	409
0	410
0	411
0	419
0	421
0	422
0	423
0	425
0	426
0	427
0	430
0	431
0	432
0	434
0	435
0	437
0	438
0	440
0	441
0	442
0	444
0	446
0	447
0	448
0	452
0	453
0	454
0	459
0	460
0	461
0	462
0	465
0	466
0	467
0	468
0	469
0	470
0	471
0	472
0	474
0	477
0	479
0	480
0	484
0	485
0	487
0	489
0	491
0	492
0	494
0	495
0	496
0	498
0	501
0	502
0	503
0	504
0	505
0	506
0	507
0	508
0	510
0	511
0	512
0	513
0	516
0	519
0	520
0	521
0	524
0	525
0	526
0	534
0	535
0	538
0	540
0	541
0	543
0	545
0	546
0	547
0	557
0	558
0	561
0	563
0	564
0	565
0	567
0	568
0	571
0	573
0	574
0	575
0	576
0	577
0	578
0	580
0	581
0	582
0	583
0	584
0	585
0	586
0	587
0	590
0	591
0	592
0	593
0	594
0	595
0	596
0	597
0	598
0	599
0	600
0	601
0	602
0	603
0	604
0	605
0	606
0	607
0	608
0	609
0	610
0	612
0	614
0	615
0	616
0	617
0	618
0	619
0	621
0	622
0	623
0	624
0	625
0	626
0	627
0	629
0	630
0	631
0	632
0	633
0	635
0	636
0	638
0	639
0	641
0	642
0	643
0	644
0	645
0	646
0	647
0	648
0	649
0	650
0	651
0	653
0	654
0	657
0	658
0	659
0	660
0	661
0	662
0	663
0	664
0	665
0	666
0	667
0	669
0	670
0	671
0	672
0	673
0	674
0	676
0	677
0	678
0	680
0	681
0	683
0	684
0	685
0	686
0	687
0	688
0	689
0	690
0	691
0	694
0	695
0	696
0	697
0	698
0	699
0	700
0	701
0	703
0	704
0	705
0	706
0	707
0	708
0	709
0	711
0	712
0	713
0	714
0	716
0	717
0	719
0	720
0	723
0	724
0	725
0	726
0	727
0	728
0	729
0	731
0	733
0	736
0	737
0	738
0	739
0	740
0	741
0	742
0	743
0	744
0	745
0	746
0	747
0	749
0	750
0	751
0	752
0	753
0	754
0	755
0	756
0	757
0	758
0	759
0	760
0	761
0	762
0	763
0	764
0	765
0	766
0	768
0	769
0	772
0	773
0	774
0	775
0	776
0	778
0	779
0	781
0	782
0	783
0	786
0	787
0	788
0	789
0	790
0	793
0	794
0	795
0	796
0	798
0	799
0	800
0	801
0	804
0	805
0	807
0	808
0	809
0	813
0	814
0	816
0	817
0	820
0	821
0	823
0	824
0	825
0	826
0	827
0	828
0	829
0	830
0	831
0	834
0	835
0	836
0	837
0	839
0	840
0	846
0	847
0	848
0	850
0	852
0	853
0	854
0	855
0	856
0	857
0	859
0	860
0	861
0	863
0	864
0	866
0	867
0	869
0	871
0	872
0	873
0	874
0	875
0	876
0	877
0	878
0	880
0	882
0	883
0	884
0	885
0	886
0	887
0	888
0	889
0	890
0	892
0	893
0	894
0	895
0	896
0	897
0	898
0	899
0	900
0	901
0	902
0	903
0	905
0	906
0	907
0	908
0	910
0	911
0	912
0	913
0	914
0	915
0	916
0	917
0	918
0	920
0	921
0	922
0	923
0	924
0	926
0	927
0	928
0	929
0	930
0	932
0	933
0	934
0	935
0	936
0	937
0	938
0	939
0	943
0	944
0	945
0	946
0	947
0	948
0	949
0	950
0	951
0	952
0	955
0	956
0	958
0	960
0	962
0	963
0	964
0	965
0	966
0	967
0	969
0	970
0	971
0	972
0	973
0	974
0	975
0	976
0	977
0	982
0	983
0	986
0	988
0	989
0	990
0	991
0	992
0	993
0	995
0	996
0	997
0	998
0	999
0	1000
0	1003
0	1006
0	1007
0	1008
0	1010
0	1011
0	1012
0	1013
0	1014
0	1015
0	1017
0	1018
0	1019
0	1021
0	1022
0	1023
0	1026
0	1027
0	1028
0	1030
0	1031
0	1032
0	1033
0	1034
0	1035
0	1036
0	1037
0	1038
0	1039
0	1041
0	1044
0	1045
0	1046
0	1047
0	1050
0	1051
0	1052
0	1054
0	1056
0	1059
0	1060
0	1061
0	1062
0	1063
0	1066
0	1067
0	1068
0	1069
0	1071
0	1072
0	1073
0	1074
0	1075
0	1076
0	1077
0	1078
0	1079
0	1080
0	1081
0	1082
0	1083
0	1084
0	1085
0	1086
0	1087
0	1089
0	1090
0	1091
0	1093
0	1095
0	1097
0	1098
0	1103
0	1105
0	1106
0	1108
0	1109
0	1110
0	1111
0	1112
0	1114
0	1115
0	1116
0	1117
0	1118
0	1119
0	1120
0	1121
0	1122
0	1123
0	1124
0	1125
0	1127
0	1128
0	1129
0	1130
0	1136
0	1138
0	1140
0	1141
0	1142
0	1143
0	1144
0	1145
0	1146
0	1147
0	1148
0	1149
0	1150
0	1152
0	1155
0	1156
0	1158
0	1160
0	1161
0	1162
0	1163
0	1164
0	1165
0	1166
0	1167
0	1168
0	1170
0	1172
0	1174
0	1176
0	1177
0	1178
0	1180
0	1181
0	1182
0	1183
0	1184
0	1185
0	1186
0	1187
0	1188
0	1189
0	1190
0	1191
0	1192
0	1193
0	1194
0	1195
0	1197
0	1198
0	1199
0	1201
0	1202
0	1203
0	1204
0	1206
0	1207
0	1208
0	1209
0	1210
0	1211
0	1212
0	1213
0	1214
0	1215
0	1217
0	1219
0	1220
0	1221
0	1222
0	1223
0	1225
0	1226
0	1227
0	1228
0	1232
0	1233
0	1234
0	1235
0	1237
0	1238
0	1240
0	1241
0	1243
0	1244
0	1245
0	1247
0	1248
0	1249
0	1250
0	1251
0	1252
0	1253
0	1254
0	1255
0	1256
0	1257
0	1258
0	1259
0	1260
0	1261
0	1262
0	1263
0	1264
0	1265
0	1267
0	1269
0	1271
0	1272
0	1273
0	1274
0	1275
0	1276
0	1277
0	1278
0	1279
0	1282
0	1283
0	1284
0	1285
0	1288
0	1289
0	1291
0	1294
0	1295
0	1296
0	1297
0	1298
0	1299
0	1300
0	1302
0	1303
0	1304
0	1305
0	1306
0	1310
0	1311
0	1312
0	1313
0	1315
0	1316
0	1317
0	1319
0	1320
0	1321
0	1322
0	1323
0	1324
0	1328
0	1331
0	1332
0	1333
0	1334
0	1337
0	1338
0	1339
0	1340
0	1341
0	1342
0	1343
0	1344
0	1346
0	1347
0	1348
0	1349
0	1350
0	1351
0	1352
0	1353
0	1354
0	1355
0	1356
0	1357
0	1358
0	1360
0	1361
0	1363
0	1365
0	1366
0	1367
0	1368
0	1369
0	1370
0	1371
0	1372
0	1373
0	1375
0	1376
0	1377
0	1378
0	1379
0	1380
0	1381
0	1383
0	1384
0	1385
0	1388
0	1389
0	1390
0	1391
0	1392
0	1394
0	1395
0	1397
0	1399
0	1402
0	1404
0	1405
0	1406
0	1407
0	1409
0	1410
0	1412
0	1413
0	1414
0	1415
0	1416
0	1418
0	1419
0	1421
0	1422
0	1423
0	1425
0	1427
0	1428
0	1429
0	1432
0	1433
0	1434
0	1435
0	1437
0	1438
0	1439
0	1440
0	1441
0	1442
0	1443
0	1444
0	1445
0	1447
0	1448
0	1449
0	1450
0	1452
0	1453
0	1454
0	1455
0	1456
0	1457
0	1459
0	1460
0	1461
0	1462
0	1463
0	1464
0	1466
0	1467
0	1468
0	1470
0	1471
0	1472
0	1474
0	1475
0	1477
0	1478
0	1479
0	1481
0	1484
0	1485
0	1486
0	1487
0	1488
0	1489
0	1490
0	1491
0	1493
0	1494
0	1495
0	1496
0	1497
0	1499
0	1500
0	1501
0	1502
0	1503
0	1504
0	1506
0	1507
0	1508
0	1510
0	1511
0	1512
0	1513
0	1515
0	1517
0	1518
0	1519
0	1520
0	1521
0	1523
0	1524
0	1525
0	1526
0	1528
0	1530
0	1531
0	1532
0	1533
0	1534
0	1535
0	1537
0	1539
0	1540
0	1541
0	1543
0	1544
0	1545
0	1546
0	1547
0	1548
0	1549
0	1550
0	1553
0	1554
0	1557
0	1558
0	1559
0	1561
0	1562
0	1563
0	1564
0	1565
0	1566
0	1567
0	1568
0	1569
0	1572
0	1573
0	1574
0	1576
0	1577
0	1578
0	1579
0	1580
0	1581
0	1582
0	1583
0	1584
0	1585
0	1586
0	1587
0	1588
0	1590
0	1591
0	1592
0	1593
0	1594
0	1596
0	1597
0	1598
0	1599
0	1601
0	1602
0	1604
0	1605
0	1606
0	1607
0	1608
0	1610
0	1611
0	1614
0	1615
0	1617
0	1618
0	1619
0	1620
0	1621
0	1622
0	1623
0	1626
0	1627
0	1628
0	1630
0	1631
0	1632
0	1633
0	1634
0	1635
0	1636
0	1637
0	1638
0	1639
0	1640
0	1641
0	1642
0	1643
0	1645
0	1646
0	1647
0	1648
0	1649
0	1651
0	1653
0	1657
0	1658
0	1659
0	1660
0	1661
0	1662
0	1663
0	1665
0	1666
0	1670
0	1671
0	1673
0	1674
0	1678
0	1679
0	1681
0	1685
0	1686
0	1687
0	1689
0	1691
0	1692
0	1694
0	1696
0	1697
0	1699
0	1700
0	1703
0	1704
0	1706
0	1707
0	1710
0	1712
0	1715
0	1716
0	1719
0	1720
0	1721
0	1723
0	1724
0	1726
0	1727
0	1729
0	1731
0	1734
0	1735
0	1738
0	1739
0	1742
0	1744
0	1748
0	1749
0	1752
0	1755
0	1758
0	1760
0	1761
0	1762
0	1764
0	1765
0	1766
0	1767
0	1768
0	1769
0	1770
0	1771
0	1772
0	1774
0	1777
0	1778
0	1779
0	1781
0	1782
0	1783
0	1784
0	1786
0	1788
0	1791
0	1793
0	1797
0	1798
0	1799
0	1801
0	1803
0	1804
0	1805
0	1806
0	1809
0	1810
0	1812
0	1814
0	1815
0	1819
0	1821
0	1823
0	1825
0	1826
0	1827
0	1829
0	1830
0	1831
0	1833
0	1834
0	1836
0	1838
0	1839
0	1840
0	1843
0	1844
0	1845
0	1846
0	1847
0	1850
0	1852
0	1853
0	1855
0	1857
0	1858
0	1860
0	1863
0	1864
0	1867
0	1869
0	1871
0	1872
0	1873
0	1876
0	1878
0	1879
0	1880
0	1882
0	1884
0	1886
0	1889
0	1890
0	1891
0	1892
0	1893
0	1894
0	1895
0	1896
0	1897
0	1899
0	1900
0	1902
0	1903
0	1904
0	1905
0	1906
0	1907
0	1909
0	1910
0	1911
0	1912
0	1913
0	1914
0	1915
0	1917
0	1918
0	1921
0	1922
0	1923
0	1924
0	1925
0	1926
0	1928
0	1929
0	1930
0	1931
0	1932
0	1936
0	1937
0	1938
0	1939
0	1941
0	1942
0	1943
0	1944
0	1946
0	1947
0	1949
0	1950
0	1951
0	1952
0	1953
0	1954
0	1956
0	1959
0	1961
0	1962
0	1963
0	1964
0	1965
0	1966
0	1967
0	1968
0	1970
0	1971
0	1972
0	1973
0	1975
0	1977
0	1978
0	1979
0	1980
0	1982
0	1983
0	1984
0	1985
0	1986
0	1988
0	1989
0	1990
0	1991
0	1992
0	1993
0	1994
0	1997
0	1999
0	2001
0	2002
0	2004
0	2005
0	2007
0	2008
0	2010
0	2011
0	2014
0	2016
0	2017
0	2019
0	2020
0	2023
0	2024
0	2025
0	2028
0	2029
0	2030
0	2031
0	2032
0	2033
0	2034
0	2035
0	2036
0	2037
0	2038
0	2039
0	2040
0	2042
0	2043
0	2045
0	2046
0	2048
0	2049
0	2050
0	2053
0	2054
0	2055
0	2057
0	2058
0	2059
0	2060
0	2062
0	2063
0	2065
0	2066
0	2067
0	2068
0	2069
0	2070
0	2073
0	2074
0	2075
0	2076
0	2077
0	2078
0	2079
0	2084
0	2085
0	2088
0	2089
0	2091
0	2092
0	2093
0	2094
0	2095
0	2096
0	2097
0	2100
0	2101
0	2102
0	2103
0	2104
0	2107
0	2109
0	2111
0	2112
0	2114
0	2115
0	2116
0	2118
0	2120
0	2121
0	2122
0	2125
0	2126
0	2127
0	2128
0	2129
0	2131
0	2132
0	2133
0	2135
0	2136
0	2137
0	2138
0	2139
0	2142
0	2143
0	2147
0	2148
0	2151
0	2152
0	2153
0	2159
0	2160
0	2164
0	2165
0	2166
0	2167
0	2168
0	2173
0	2176
0	2179
0	2180
0	2181
0	2184
0	2186
0	2188
0	2190
0	2191
0	2192
0	2194
0	2195
0	2203
0	2205
0	2207
0	2209
0	2211
0	2216
0	2217
0	2218
0	2219
0	2222
0	2225
0	2226
0	2232
0	2238
0	2239
0	2240
0	2247
0	2254
0	2260
0	2265
0	2266
0	2267
0	2270
0	2271
0	2273
0	2274
0	2275
0	2278
0	2279
0	2280
0	2284
0	2286
0	2288
0	2289
0	2290
0	2291
0	2292
0	2298
0	2300
0	2304
0	2306
0	2307
0	2313
0	2314
0	2318
0	2322
0	2325
0	2326
0	2328
0	2329
0	2330
0	2331
0	2333
0	2334
0	2336
0	2339
0	2342
0	2344
0	2345
0	2347
0	2349
0	2350
0	2354
0	2355
0	2356
0	2362
0	2363
0	2364
0	2367
0	2368
0	2371
0	2372
0	2373
0	2375
0	2378
0	2379
0	2381
0	2383
0	2384
0	2385
0	2386
0	2389
0	2391
0	2396
0	2398
0	2399
0	2400
0	2401
0	2402
0	2407
0	2408
0	2410
0	2411
0	2412
0	2413
0	2418
0	2421
0	2422
0	2423
0	2427
0	2431
0	2435
0	2436
0	2437
0	2438
0	2439
0	2440
0	2442
0	2443
0	2445
0	2449
0	2450
0	2451
0	2452
0	2453
0	2457
0	2459
0	2461
0	2462
0	2464
0	2465
0	2466
0	2469
0	2471
0	2472
0	2474
0	2477
0	2478
0	2479
0	2481
0	2482
0	2484
0	2485
0	2486
0	2487
0	2488
0	2490
0	2492
0	2493
0	2494
0	2497
0	2498
0	2500
0	2501
0	2502
0	2503
0	2506
0	2507
0	2508
0	2509
0	2510
0	2511
0	2512
0	2513
0	2514
0	2515
0	2516
0	2518
0	2519
0	2523
0	2528
0	2530
0	2531
0	2532
0	2534
0	2535
0	2536
0	2537
0	2538
0	2540
0	2543
0	2544
0	2545
0	2546
0	2547
0	2549
0	2550
0	2551
0	2553
0	2555
0	2557
0	2558
0	2559
0	2561
0	2562
0	2563
0	2564
0	2566
0	2567
0	2568
0	2569
0	2570
0	2571
0	2573
0	2575
0	2576
0	2577
0	2579
0	2580
0	2582
0	2584
0	2585
0	2586
0	2587
0	2588
0	2589
0	2590
0	2591
0	2592
0	2593
0	2595
0	2597
0	2598
0	2599
0	2600
0	2602
0	2603
0	2604
0	2605
0	2607
0	2608
0	2609
0	2610
0	2611
0	2612
0	2613
0	2614
0	2615
0	2616
0	2617
0	2619
0	2620
0	2621
0	2623
0	2625
0	2626
0	2627
0	2629
0	2632
0	2633
0	2635
0	2636
0	2638
0	2639
0	2640
0	2641
0	2644
0	2645
0	2646
0	2647
0	2649
0	2651
0	2652
0	2655
0	2657
0	2658
0	2661
0	2662
0	2665
0	2666
0	2667
0	2669
0	2670
0	2671
0	2672
0	2673
0	2674
0	2675
0	2676
0	2678
0	2679
0	2680
0	2681
0	2683
0	2684
0	2685
0	2686
0	2687
0	2688
0	2689
0	2690
0	2691
0	2695
0	2696
0	2697
0	2698
0	2699
0	2700
0	2701
0	2702
0	2703
0	2704
0	2705
0	2708
0	2710
0	2711
0	2712
0	2713
0	2714
0	2716
0	2717
0	2718
0	2719
0	2720
0	2721
0	2722
0	2723
0	2724
0	2725
0	2726
0	2727
0	2728
0	2729
0	2732
0	2734
0	2735
0	2736
0	2737
0	2740
0	2741
0	2742
0	2743
0	2744
0	2745
0	2748
0	2750
0	2751
0	2752
0	2753
0	2754
0	2755
0	2756
0	2757
0	2758
0	2759
0	2760
0	2762
0	2763
0	2764
0	2765
0	2769
0	2770
0	2771
0	2772
0	2773
0	2774
0	2776
0	2777
0	2778
0	2780
0	2782
0	2783
0	2784
0	2785
0	2786
0	2787
0	2790
0	2791
0	2792
0	2793
0	2794
0	2795
0	2796
0	2797
0	2798
0	2799
0	2801
0	2802
0	2803
0	2804
0	2805
0	2806
0	2809
0	2810
0	2811
0	2812
0	2813
0	2815
0	2816
0	2817
0	2818
0	2819
0	2820
0	2821
0	2822
0	2825
0	2826
0	2827
0	2829
0	2830
0	2831
0	2832
0	2833
0	2834
0	2837
0	2838
0	2839
0	2841
0	2842
0	2844
0	2845
0	2846
0	2847
0	2848
0	2849
0	2850
0	2851
0	2852
0	2853
0	2854
0	2855
0	2856
0	2857
0	2858
0	2859
0	2861
0	2862
0	2863
0	2866
0	2867
0	2869
0	2870
0	2872
0	2874
0	2875
0	2876
0	2877
0	2878
0	2879
0	2880
0	2881
0	2882
0	2883
0	2884
0	2885
0	2886
0	2887
0	2888
0	2889
0	2890
0	2892
0	2893
0	2894
0	2895
0	2896
0	2897
0	2899
0	2900
0	2901
0	2902
0	2903
0	2905
0	2906
0	2908
0	2909
0	2910
0	2911
0	2912
0	2913
0	2915
0	2916
0	2917
0	2918
0	2923
0	2925
0	2928
0	2929
0	2930
0	2933
0	2934
0	2935
0	2938
0	2940
0	2944
0	2945
0	2946
0	2952
0	2954
0	2955
0	2956
0	2960
0	2961
0	2964
0	2965
0	2972
0	2975
0	2976
0	2979
0	2982
0	2985
0	2987
0	2992
0	2994
0	2995
0	2997
0	2998
0	3002
0	3009
0	3010
0	3012
0	3016
0	3022
0	3024
0	3027
0	3031
0	3032
0	3034
0	3036
0	3037
0	3041
0	3042
0	3044
0	3045
0	3046
0	3047
0	3049
0	3052
0	3055
0	3056
0	3057
0	3059
0	3061
0	3066
0	3067
0	3074
0	3075
0	3076
0	3077
0	3078
0	3079
0	3080
0	3081
0	3082
0	3084
0	3089
0	3090
0	3094
0	3095
0	3098
0	3099
0	3100
0	3103
0	3105
0	3108
0	3109
0	3110
0	3111
0	3112
0	3113
0	3114
0	3116
0	3117
0	3118
0	3121
0	3122
0	3123
0	3124
0	3125
0	3126
0	3127
0	3128
0	3130
0	3131
0	3133
0	3134
0	3135
0	3137
0	3138
0	3145
0	3146
0	3147
0	3148
0	3152
0	3154
0	3155
0	3160
0	3161
0	3162
0	3164
0	3165
0	3167
0	3168
0	3169
0	3170
0	3171
0	3173
0	3175
0	3176
0	3177
0	3182
0	3184
0	3185
0	3192
0	3193
0	3195
0	3198
0	3200
0	3203
0	3211
0	3214
0	3215
0	3217
0	3218
0	3223
0	3232
0	3233
0	3234
0	3235
0	3236
0	3237
0	3242
0	3243
0	3244
0	3245
0	3246
0	3247
0	3248
0	3249
0	3250
0	3252
0	3254
0	3256
0	3264
0	3267
0	3272
0	3273
0	3274
0	3275
0	3276
0	3278
0	3280
0	3281
0	3282
0	3283
0	3284
0	3285
0	3286
0	3288
0	3290
0	3294
0	3295
0	3296
0	3298
0	3299
0	3302
0	3303
0	3304
0	3305
0	3306
0	3307
0	3308
0	3309
0	3311
0	3315
0	3316
0	3319
0	3320
0	3322
0	3324
0	3325
0	3327
0	3329
0	3330
0	3331
0	3332
0	3333
0	3334
0	3335
0	3336
0	3338
0	3342
0	3346
0	3349
0	3351
0	3355
0	3356
0	3357
0	3358
0	3359
0	3360
0	3361
0	3362
0	3373
0	3374
0	3385
0	3388
0	3390
0	3391
0	3392
0	3397
0	3402
0	3406
0	3408
0	3413
0	3414
0	3417
0	3420
0	3422
0	3424
0	3427
0	3428
0	3429
0	3430
0	3434
0	3435
0	3436
0	3437
0	3442
0	3443
0	3444
0	3447
0	3448
0	3452
0	3453
0	3455
0	3456
0	3459
0	3462
0	3466
0	3467
0	3468
0	3469
0	3470
0	3471
0	3474
0	3476
0	3478
0	3479
0	3480
0	3483
0	3486
0	3487
0	3488
0	3489
0	3490
0	3491
0	3495
0	3496
0	3498
0	3499
0	3500
0	3501
0	3504
0	3505
0	3506
0	3507
0	3508
0	3512
0	3513
0	3514
0	3515
0	3516
0	3517
0	3518
0	3519
0	3523
0	3525
0	3526
0	3528
0	3531
0	3532
0	3534
0	3535
0	3537
0	3539
0	3540
0	3545
0	3547
0	3548
0	3550
0	3551
0	3553
0	3554
0	3556
0	3559
0	3560
0	3561
0	3563
0	3564
0	3565
0	3567
0	3571
0	3572
0	3573
0	3574
0	3575
0	3576
0	3578
0	3579
0	3580
0	3583
0	3584
0	3586
0	3587
0	3589
0	3590
0	3591
0	3592
0	3594
0	3598
0	3600
0	3601
0	3602
0	3603
0	3604
0	3605
0	3606
0	3607
0	3611
0	3612
0	3613
0	3614
0	3616
0	3617
0	3618
0	3621
0	3623
0	3626
0	3627
0	3629
0	3630
0	3631
0	3632
0	3633
0	3636
0	3638
0	3639
0	3640
0	3642
0	3643
0	3644
0	3645
0	3647
0	3648
0	3650
0	3652
0	3662
0	3663
0	3665
0	3669
0	3670
0	3673
0	3675
0	3679
0	3681
0	3684
0	3685
0	3689
0	3690
0	3695
0	3696
0	3698
0	3699
0	3700
0	3704
0	3705
0	3706
0	3708
0	3709
0	3711
0	3712
0	3714
0	3717
0	3718
0	3719
0	3720
0	3723
0	3725
0	3727
0	3728
0	3729
0	3736
0	3737
0	3738
0	3739
0	3740
0	3742
0	3743
0	3748
0	3750
0	3751
0	3754
0	3759
0	3760
0	3764
0	3765
0	3766
0	3768
0	3770
0	3771
0	3778
0	3781
0	3782
0	3784
0	3786
0	3791
0	3792
0	3796
0	3797
0	3798
0	3799
0	3800
0	3801
0	3802
0	3803
0	3804
0	3806
0	3808
0	3809
0	3810
0	3813
0	3816
0	3817
0	3819
0	3820
0	3822
0	3823
0	3824
0	3825
0	3828
0	3832
0	3833
0	3835
0	3838
0	3839
0	3840
0	3844
0	3845
0	3846
0	3847
0	3848
0	3849
0	3852
0	3853
0	3854
0	3856
0	3857
0	3859
0	3862
0	3864
0	3865
0	3866
0	3867
0	3868
0	3869
0	3870
0	3873
0	3874
0	3875
0	3876
0	3877
0	3878
0	3880
0	3882
0	3884
0	3885
0	3886
0	3888
0	3893
0	3894
0	3895
0	3897
0	3898
0	3899
0	3900
0	3901
0	3903
0	3904
0	3907
0	3908
0	3909
0	3910
0	3911
0	3912
0	3921
0	3924
0	3926
0	3927
0	3929
0	3932
0	3937
0	3938
0	3939
0	3941
0	3942
0	3943
0	3946
0	3947
0	3950
0	3953
0	3959
0	3960
0	3961
0	3962
0	3963
0	3967
0	3974
0	3977
0	3978
0	3979
0	3980
0	3981
0	3982
0	3983
0	3984
0	3986
0	3991
0	3994
0	3996
0	3997
0	3999
0	4000
0	4002
0	4003
0	4005
0	4006
0	4008
0	4011
0	4013
0	4015
0	4017
0	4018
0	4021
0	4022
0	4023
0	4025
0	4026
0	4027
0	4029
0	4030
0	4031
0	4032
0	4036
0	4042
0	4043
0	4046
0	4047
0	4048
0	4049
0	4054
0	4056
0	4060
0	4061
0	4062
0	4065
0	4066
0	4067
0	4068
0	4069
0	4070
0	4071
0	4074
0	4075
0	4077
0	4078
0	4079
0	4083
0	4084
0	4085
0	4086
0	4092
0	4094
0	4095
0	4097
0	4098
0	4102
0	4104
0	4105
0	4106
0	4109
0	4110
0	4112
0	4115
0	4117
0	4120
0	4122
0	4124
0	4125
0	4127
0	4129
0	4131
0	4132
0	4135
0	4138
0	4139
0	4142
0	4148
0	4149
0	4152
0	4155
0	4156
0	4157
0	4158
0	4159
0	4160
0	4161
0	4167
0	4170
0	4172
0	4173
0	4176
0	4186
0	4188
0	4191
0	4192
0	4193
0	4194
0	4195
0	4196
0	4197
0	4199
0	4204
0	4206
0	4210
0	4213
0	4217
0	4218
0	4219
0	4220
0	4221
0	4226
0	4228
0	4229
0	4230
0	4232
0	4234
0	4237
0	4238
0	4243
0	4246
0	4249
0	4250
0	4255
0	4257
0	4258
0	4263
0	4265
0	4270
0	4273
0	4276
0	4277
0	4278
0	4279
0	4280
0	4282
0	4283
0	4285
0	4287
0	4289
0	4290
0	4292
0	4293
0	4294
0	4295
0	4300
0	4301
0	4302
0	4304
0	4309
0	4314
0	4316
0	4317
0	4319
0	4320
0	4321
0	4322
0	4323
0	4324
0	4325
0	4326
0	4327
0	4328
0	4330
0	4332
0	4333
0	4339
0	4344
0	4345
0	4349
0	4351
0	4355
0	4356
0	4357
0	4358
0	4359
0	4361
0	4363
0	4364
0	4365
0	4366
0	4368
0	4370
0	4371
0	4376
0	4377
0	4378
0	4379
0	4388
0	4393
0	4394
0	4396
0	4398
0	4399
0	4401
0	4403
0	4404
0	4409
0	4410
0	4416
0	4417
0	4420
0	4422
0	4423
0	4424
0	4425
0	4426
0	4427
0	4429
0	4430
0	4431
0	4432
0	4433
0	4434
0	4435
0	4437
0	4438
0	4439
0	4440
0	4441
0	4442
0	4444
0	4445
0	4447
0	4450
0	4454
0	4455
0	4461
0	4462
0	4465
0	4466
0	4469
0	4472
0	4475
0	4478
0	4480
0	4481
0	4482
0	4488
0	4490
0	4491
0	4493
0	4500
0	4505
0	4509
0	4514
0	4515
0	4519
0	4521
0	4523
0	4526
0	4527
0	4528
0	4529
0	4530
0	4531
0	4532
0	4534
0	4537
0	4538
0	4540
0	4541
0	4542
0	4543
0	4544
0	4545
0	4546
0	4548
0	4549
0	4550
0	4551
0	4552
0	4553
0	4554
0	4559
0	4561
0	4562
0	4563
0	4567
0	4569
0	4571
0	4573
0	4574
0	4575
0	4576
0	4577
0	4578
0	4582
0	4584
0	4585
0	4586
0	4587
0	4595
0	4596
0	4597
0	4598
0	4606
0	4607
0	4609
0	4614
0	4615
0	4616
0	4618
0	4635
0	4636
0	4637
0	4638
0	4639
0	4640
0	4641
0	4642
0	4645
0	4646
0	4649
0	4654
0	4656
0	4663
0	4664
0	4668
0	4670
0	4671
0	4672
0	4673
0	4675
0	4678
0	4679
0	4681
0	4683
0	4684
0	4685
0	4686
0	4687
0	4688
0	4691
0	4692
0	4693
0	4694
0	4695
0	4696
0	4697
0	4698
0	4699
0	4700
0	4701
0	4703
0	4704
0	4705
0	4708
0	4709
0	4711
0	4714
0	4715
0	4717
0	4718
0	4719
0	4720
0	4721
0	4722
0	4723
0	4725
0	4726
0	4727
0	4730
0	4731
0	4732
0	4737
0	4739
0	4741
0	4742
0	4743
0	4744
0	4745
0	4746
0	4747
0	4748
0	4752
0	4753
0	4754
0	4755
0	4756
0	4757
0	4760
0	4761
0	4767
0	4768
0	4769
0	4771
0	4772
0	4773
0	4774
0	4777
0	4779
0	4781
0	4782
0	4783
0	4785
0	4787
0	4788
0	4789
0	4790
0	4791
0	4792
0	4793
0	4794
0	4795
0	4796
0	4798
0	4799
0	4801
0	4803
0	4804
0	4806
0	4808
0	4809
0	4811
0	4812
0	4814
0	4816
0	4818
0	4819
0	4823
0	4825
0	4827
0	4828
0	4830
0	4835
0	4836
0	4838
0	4839
0	4841
0	4844
0	4846
0	4847
0	4848
0	4853
0	4855
0	4856
0	4857
0	4858
0	4862
0	4863
0	4865
0	4866
0	4867
0	4869
0	4882
0	4885
0	4886
0	4888
0	4889
0	4890
0	4891
0	4892
0	4893
0	4894
0	4899
0	4901
0	4903
0	4905
0	4909
0	4911
0	4912
0	4913
0	4918
0	4921
0	4923
0	4924
0	4925
0	4926
0	4927
0	4929
0	4930
0	4933
0	4937
0	4939
0	4943
0	4944
0	4945
0	4947
0	4948
0	4951
0	4953
0	4954
0	4956
0	4957
0	4958
0	4959
0	4961
0	4963
0	4965
0	4967
0	4970
0	4973
0	4976
0	4978
0	4979
0	4982
0	4985
0	4986
0	4987
0	4988
0	4989
0	4990
0	4993
0	4994
0	4995
0	5001
0	5003
0	5005
0	5006
0	5007
0	5008
0	5009
0	5010
0	5011
0	5012
0	5014
0	5015
0	5019
0	5022
0	5025
0	5026
0	5027
0	5030
0	5031
0	5032
0	5033
0	5035
0	5036
0	5038
0	5039
0	5040
0	5041
0	5047
0	5048
0	5052
0	5053
0	5054
0	5055
0	5061
0	5063
0	5067
0	5068
0	5071
0	5077
0	5078
0	5079
0	5080
0	5082
0	5086
0	5088
0	5089
0	5090
0	5093
0	5095
0	5096
0	5097
0	5098
0	5099
0	5100
0	5101
0	5102
0	5103
0	5104
0	5106
0	5107
0	5109
0	5110
0	5114
0	5118
0	5119
0	5120
0	5121
0	5122
0	5127
0	5128
0	5131
0	5135
0	5136
0	5137
0	5138
0	5140
0	5141
0	5143
0	5145
0	5146
0	5147
0	5148
0	5149
0	5157
0	5159
0	5160
0	5161
0	5162
0	5166
0	5167
0	5171
0	5173
0	5174
0	5175
0	5176
0	5177
0	5178
0	5179
0	5181
0	5182
0	5183
0	5184
0	5185
0	5186
0	5188
0	5189
0	5190
0	5191
0	5192
0	5196
0	5197
0	5198
0	5200
0	5205
0	5209
0	5210
0	5211
0	5212
0	5213
0	5214
0	5217
0	5219
0	5220
0	5221
0	5222
0	5223
0	5224
0	5225
0	5226
0	5227
0	5228
0	5229
0	5230
0	5231
0	5232
0	5235
0	5237
0	5240
0	5241
0	5243
0	5244
0	5248
0	5249
0	5250
0	5253
0	5254
0	5255
0	5257
0	5260
0	5261
0	5263
0	5264
0	5269
0	5271
0	5273
0	5274
0	5275
0	5276
0	5277
0	5278
0	5280
0	5281
0	5282
0	5284
0	5286
0	5291
0	5292
0	5293
0	5294
0	5298
0	5299
0	5300
0	5301
0	5303
0	5304
0	5305
0	5306
0	5307
0	5308
0	5310
0	5312
0	5314
0	5316
0	5320
0	5321
0	5322
0	5324
0	5326
0	5327
0	5328
0	5329
0	5330
0	5331
0	5333
0	5335
0	5340
0	5342
0	5343
0	5345
0	5348
0	5351
0	5354
0	5357
0	5360
0	5361
0	5362
0	5363
0	5367
0	5368
0	5371
0	5373
0	5374
0	5375
0	5376
0	5379
0	5380
0	5381
0	5382
0	5383
0	5384
0	5386
0	5394
0	5395
0	5396
0	5397
0	5400
0	5401
0	5402
0	5403
0	5405
0	5407
0	5408
0	5409
0	5410
0	5415
0	5417
0	5418
0	5419
0	5420
0	5423
0	5424
0	5426
0	5427
0	5428
0	5430
0	5434
0	5437
0	5438
0	5440
0	5441
0	5443
0	5444
0	5446
0	5447
0	5456
0	5457
0	5458
0	5459
0	5460
0	5464
0	5468
0	5469
0	5472
0	5478
0	5482
0	5483
0	5487
0	5489
0	5492
0	5493
0	5496
0	5497
0	5498
0	5499
0	5500
0	5501
0	5502
0	5503
0	5506
0	5508
0	5509
0	5510
0	5511
0	5514
0	5517
0	5525
0	5526
0	5527
0	5528
0	5530
0	5532
0	5534
0	5535
0	5537
0	5538
0	5539
0	5540
0	5541
0	5544
0	5546
0	5550
0	5555
0	5556
0	5557
0	5558
0	5560
0	5561
0	5565
0	5567
0	5577
0	5579
0	5580
0	5582
0	5584
0	5586
0	5588
0	5589
0	5592
0	5593
0	5594
0	5596
0	5598
0	5601
0	5602
0	5603
0	5604
0	5605
0	5606
0	5607
0	5608
0	5610
0	5611
0	5613
0	5614
0	5617
0	5620
0	5622
0	5624
0	5626
0	5627
0	5630
0	5634
0	5635
0	5637
0	5638
0	5639
0	5641
0	5643
0	5644
0	5647
0	5648
0	5649
0	5650
0	5655
0	5657
0	5658
0	5659
0	5660
0	5661
0	5662
0	5664
0	5666
0	5667
0	5668
0	5669
0	5670
0	5675
0	5678
0	5679
0	5682
0	5686
0	5687
0	5688
0	5689
0	5691
0	5692
0	5694
0	5697
0	5699
0	5708
0	5709
0	5710
0	5712
0	5713
0	5714
0	5715
0	5717
0	5721
0	5723
0	5724
0	5726
0	5728
0	5730
0	5731
0	5733
0	5734
0	5735
0	5737
0	5741
0	5743
0	5744
0	5746
0	5748
0	5749
0	5754
0	5755
0	5756
0	5757
0	5758
0	5759
0	5760
0	5762
0	5764
0	5766
0	5767
0	5769
0	5773
0	5774
0	5776
0	5777
0	5778
0	5779
0	5782
0	5783
0	5784
0	5788
0	5792
0	5793
0	5794
0	5796
0	5797
0	5799
0	5807
0	5816
0	5817
0	5821
0	5822
0	5823
0	5828
0	5830
0	5832
0	5834
0	5836
0	5838
0	5839
0	5843
0	5844
0	5846
0	5847
0	5850
0	5855
0	5856
0	5857
0	5858
0	5859
0	5860
0	5863
0	5864
0	5866
0	5870
0	5871
0	5881
0	5882
0	5883
0	5885
0	5886
0	5889
0	5890
0	5891
0	5892
0	5895
0	5898
0	5900
0	5901
0	5906
0	5907
0	5908
0	5909
0	5910
0	5911
0	5913
0	5915
0	5917
0	5919
0	5920
0	5921
0	5922
0	5923
0	5924
0	5925
0	5926
0	5927
0	5929
0	5932
0	5933
0	5934
0	5938
0	5939
0	5940
0	5945
0	5947
0	5950
0	5952
0	5955
0	5962
0	5963
0	5965
0	5968
0	5969
0	5972
0	5973
0	5974
0	5976
0	5977
0	5978
0	5981
0	5982
0	5983
0	5985
0	5986
0	5988
0	5990
0	5997
0	6000
0	6002
0	6005
0	6006
0	6010
0	6011
0	6014
0	6016
0	6018
0	6019
0	6020
0	6021
0	6023
0	6024
0	6028
0	6033
0	6034
0	6041
0	6044
0	6053
0	6054
0	6056
0	6059
0	6060
0	6062
0	6063
0	6064
0	6065
0	6066
0	6067
0	6068
0	6070
0	6071
0	6074
0	6075
0	6076
0	6077
0	6078
0	6079
0	6080
0	6081
0	6083
0	6085
0	6086
0	6090
0	6092
0	6093
0	6094
0	6096
0	6097
0	6098
0	6099
0	6100
0	6101
0	6102
0	6104
0	6105
0	6106
0	6107
0	6110
0	6111
0	6112
0	6117
0	6118
0	6119
0	6120
0	6121
0	6122
0	6125
0	6126
0	6130
0	6131
0	6137
0	6138
0	6143
0	6144
0	6145
0	6149
0	6150
0	6151
0	6155
0	6156
0	6157
0	6158
0	6159
0	6160
0	6162
0	6167
0	6168
0	6169
0	6170
0	6171
0	6172
0	6173
0	6174
0	6176
0	6177
0	6178
0	6179
0	6180
0	6181
0	6182
0	6184
0	6186
0	6187
0	6189
0	6190
0	6191
0	6193
0	6194
0	6195
0	6196
0	6199
0	6202
0	6205
0	6206
0	6213
0	6215
0	6216
0	6218
0	6219
0	6220
0	6228
0	6229
0	6231
0	6232
0	6235
0	6236
0	6237
0	6238
0	6239
0	6240
0	6242
0	6244
0	6245
0	6246
0	6248
0	6249
0	6251
0	6256
0	6260
0	6261
0	6263
0	6265
0	6266
0	6267
0	6268
0	6269
0	6272
0	6273
0	6274
0	6276
0	6278
0	6283
0	6284
0	6285
0	6289
0	6290
0	6291
0	6292
0	6294
0	6296
0	6297
0	6299
0	6300
0	6303
0	6304
0	6306
0	6310
0	6311
0	6324
0	6326
0	6334
0	6335
0	6336
0	6337
0	6338
0	6340
0	6341
0	6342
0	6343
0	6344
0	6350
0	6352
0	6353
0	6356
0	6358
0	6361
0	6364
0	6366
0	6367
0	6369
0	6371
0	6374
0	6376
0	6379
0	6380
0	6386
0	6387
0	6388
0	6389
0	6391
0	6395
0	6401
0	6402
0	6403
0	6404
0	6406
0	6407
0	6409
0	6410
0	6411
0	6412
0	6414
0	6415
0	6417
0	6419
0	6420
0	6421
0	6423
0	6424
0	6425
0	6426
0	6428
0	6430
0	6433
0	6440
0	6442
0	6445
0	6446
0	6450
0	6452
0	6453
0	6454
0	6455
0	6456
0	6458
0	6460
0	6462
0	6464
0	6465
0	6466
0	6467
0	6468
0	6470
0	6471
0	6472
0	6473
0	6474
0	6475
0	6476
0	6477
0	6480
0	6482
0	6485
0	6487
0	6493
0	6499
0	6500
0	6501
0	6502
0	6504
0	6505
0	6506
0	6511
0	6513
0	6514
0	6515
0	6516
0	6517
0	6518
0	6519
0	6521
0	6522
0	6523
0	6524
0	6527
0	6528
0	6529
0	6530
0	6531
0	6533
0	6534
0	6535
0	6536
0	6538
0	6542
0	6543
0	6545
0	6549
0	6550
0	6551
0	6552
0	6554
0	6558
0	6559
0	6560
0	6562
0	6563
0	6564
0	6565
0	6567
0	6568
0	6569
0	6571
0	6572
0	6573
0	6575
0	6576
0	6579
0	6581
0	6582
0	6583
0	6585
0	6586
0	6587
0	6588
0	6589
0	6590
0	6591
0	6592
0	6594
0	6597
0	6598
0	6599
0	6600
0	6601
0	6602
0	6608
0	6609
0	6614
0	6616
0	6617
0	6618
0	6621
0	6622
0	6624
0	6625
0	6627
0	6628
0	6629
0	6630
0	6631
0	6632
0	6639
0	6641
0	6643
0	6645
0	6651
0	6652
0	6653
0	6663
0	6664
0	6665
0	6666
0	6667
0	6668
0	6671
0	6676
0	6677
0	6678
0	6681
0	6682
0	6686
0	6691
0	6692
0	6694
0	6695
0	6698
0	6699
0	6701
0	6702
0	6705
0	6707
0	6709
0	6711
0	6712
0	6717
0	6720
0	6721
0	6722
0	6723
0	6724
0	6725
0	6726
0	6729
0	6731
0	6732
0	6734
0	6737
0	6739
0	6742
0	6743
0	6744
0	6746
0	6747
0	6748
0	6754
0	6755
0	6756
0	6757
0	6760
0	6761
0	6764
0	6765
0	6770
0	6772
0	6774
0	6775
0	6778
0	6779
0	6782
0	6783
0	6784
0	6785
0	6786
0	6787
0	6788
0	6790
0	6792
0	6794
0	6795
0	6796
0	6798
0	6801
0	6802
0	6805
0	6812
0	6813
0	6814
0	6815
0	6816
0	6817
0	6819
0	6820
0	6821
0	6822
0	6824
0	6825
0	6826
0	6827
0	6828
0	6831
0	6832
0	6833
0	6834
0	6835
0	6840
0	6842
0	6844
0	6845
0	6848
0	6849
0	6850
0	6852
0	6857
0	6858
0	6863
0	6866
0	6868
0	6869
0	6874
0	6875
0	6876
0	6878
0	6879
0	6880
0	6882
0	6883
0	6884
0	6887
0	6888
0	6889
0	6890
0	6892
0	6893
0	6894
0	6898
0	6901
0	6903
0	6904
0	6906
0	6910
0	6911
0	6913
0	6914
0	6915
0	6916
0	6917
0	6919
0	6922
0	6923
0	6924
0	6925
0	6926
0	6927
0	6928
0	6931
0	6934
0	6935
0	6937
0	6938
0	6939
0	6941
0	6942
0	6945
0	6947
0	6949
0	6952
0	6955
0	6956
0	6958
0	6960
0	6961
0	6963
0	6964
0	6965
0	6966
0	6967
0	6969
0	6970
0	6972
0	6973
0	6974
0	6975
0	6977
0	6981
0	6982
0	6983
0	6987
0	6988
0	6991
0	6992
0	6993
0	6994
0	6996
0	6997
0	6998
0	6999
0	7000
0	7001
0	7002
0	7004
0	7006
0	7008
0	7017
0	7018
0	7019
0	7020
0	7025
0	7026
0	7027
0	7030
0	7031
0	7032
0	7033
0	7039
0	7042
0	7043
0	7044
0	7048
0	7053
0	7056
0	7057
0	7058
0	7059
0	7060
0	7061
0	7062
0	7063
0	7064
0	7072
0	7078
0	7084
0	7085
0	7090
0	7091
0	7092
0	7099
0	7102
0	7103
0	7105
0	7108
0	7109
0	7111
0	7112
0	7113
0	7118
0	7119
0	7120
0	7122
0	7124
0	7125
0	7126
0	7129
0	7130
0	7132
0	7133
0	7142
0	7143
0	7144
0	7148
0	7149
0	7158
0	7159
0	7164
0	7165
0	7168
0	7170
0	7171
0	7172
0	7176
0	7179
0	7181
0	7182
0	7183
0	7185
0	7190
0	7191
0	7192
0	7195
0	7199
0	7200
0	7201
0	7204
0	7206
0	7208
0	7211
0	7212
0	7214
0	7215
0	7216
0	7217
0	7218
0	7221
0	7222
0	7223
0	7224
0	7226
0	7229
0	7231
0	7232
0	7235
0	7239
0	7241
0	7243
0	7244
0	7245
0	7249
0	7252
0	7254
0	7255
0	7258
0	7263
0	7264
0	7265
0	7271
0	7272
0	7274
0	7275
0	7276
0	7277
0	7278
0	7279
0	7281
0	7285
0	7289
0	7290
0	7294
0	7295
0	7297
0	7298
0	7300
0	7306
0	7310
0	7311
0	7312
0	7314
0	7317
0	7319
0	7320
0	7321
0	7324
0	7325
0	7326
0	7329
0	7332
0	7336
0	7337
0	7338
0	7339
0	7340
0	7342
0	7343
0	7345
0	7346
0	7348
0	7350
0	7351
0	7356
0	7357
0	7358
0	7359
0	7360
0	7361
0	7362
0	7363
0	7364
0	7366
0	7370
0	7374
0	7377
0	7378
0	7379
0	7380
0	7381
0	7382
0	7386
0	7390
0	7400
0	7405
0	7407
0	7409
0	7410
0	7412
0	7414
0	7418
0	7421
0	7423
0	7426
0	7427
0	7430
0	7432
0	7434
0	7435
0	7436
0	7437
0	7439
0	7441
0	7442
0	7443
0	7444
0	7445
0	7446
0	7447
0	7449
0	7450
0	7452
0	7454
0	7455
0	7456
0	7457
0	7460
0	7461
0	7462
0	7465
0	7466
0	7467
0	7468
0	7471
0	7474
0	7475
0	7477
0	7478
0	7479
0	7480
0	7481
0	7482
0	7483
0	7485
0	7486
0	7488
0	7490
0	7492
0	7497
0	7498
0	7500
0	7503
0	7504
0	7505
0	7506
0	7507
0	7508
0	7509
0	7512
0	7515
0	7516
0	7517
0	7519
0	7520
0	7521
0	7527
0	7528
0	7534
0	7537
0	7539
0	7542
0	7544
0	7545
0	7549
0	7551
0	7553
0	7554
0	7555
0	7556
0	7558
0	7559
0	7561
0	7562
0	7564
0	7568
0	7569
0	7570
0	7572
0	7576
0	7578
0	7579
0	7582
0	7584
0	7586
0	7590
0	7591
0	7594
0	7595
0	7596
0	7597
0	7600
0	7602
0	7603
0	7604
0	7607
0	7608
0	7611
0	7612
0	7615
0	7617
0	7618
0	7622
0	7624
0	7626
0	7630
0	7631
0	7632
0	7633
0	7634
0	7635
0	7636
0	7638
0	7639
0	7640
0	7642
0	7643
0	7644
0	7648
0	7651
0	7654
0	7655
0	7658
0	7659
0	7660
0	7661
0	7662
0	7663
0	7665
0	7666
0	7667
0	7671
0	7678
0	7679
0	7681
0	7682
0	7683
0	7684
0	7686
0	7687
0	7688
0	7690
0	7693
0	7694
0	7695
0	7698
0	7699
0	7702
0	7704
0	7706
0	7707
0	7709
0	7711
0	7712
0	7713
0	7714
0	7715
0	7716
0	7718
0	7719
0	7726
0	7728
0	7730
0	7731
0	7732
0	7733
0	7739
0	7742
0	7743
0	7749
0	7751
0	7756
0	7760
0	7761
0	7762
0	7763
0	7765
0	7766
0	7769
0	7776
0	7777
0	7778
0	7783
0	7785
0	7786
0	7787
0	7788
0	7789
0	7790
0	7795
0	7797
0	7798
0	7799
0	7800
0	7801
0	7811
0	7812
0	7813
0	7814
0	7816
0	7822
0	7824
0	7830
0	7831
0	7832
0	7834
0	7835
0	7837
0	7838
0	7840
0	7841
0	7842
0	7843
0	7847
0	7850
0	7853
0	7858
0	7859
0	7860
0	7862
0	7868
0	7869
0	7871
0	7872
0	7873
0	7874
0	7875
0	7881
0	7883
0	7888
0	7889
0	7890
0	7891
0	7892
0	7894
0	7895
0	7896
0	7897
0	7898
0	7900
0	7906
0	7907
0	7908
0	7909
0	7910
0	7914
0	7915
0	7917
0	7920
0	7921
0	7922
0	7927
0	7931
0	7933
0	7934
0	7936
0	7941
0	7942
0	7945
0	7946
0	7947
0	7948
0	7953
0	7955
0	7957
0	7962
0	7964
0	7965
0	7968
0	7969
0	7971
0	7972
0	7974
0	7976
0	7978
0	7979
0	7982
0	7983
0	7984
0	7985
0	7986
0	7988
0	7990
0	7991
0	7992
0	7998
0	7999
0	8000
0	8002
0	8003
0	8004
0	8006
0	8007
0	8009
0	8010
0	8011
0	8016
0	8017
0	8018
0	8019
0	8020
0	8021
0	8022
0	8023
0	8025
0	8026
0	8031
0	8032
0	8033
0	8034
0	8036
0	8040
0	8041
0	8042
0	8043
0	8045
0	8048
0	8049
0	8050
0	8051
0	8052
0	8054
0	8056
0	8058
0	8060
0	8061
0	8062
0	8063
0	8064
0	8066
0	8069
0	8070
0	8072
0	8074
0	8075
0	8078
0	8080
0	8081
0	8082
0	8084
0	8085
0	8086
0	8088
0	8089
0	8090
0	8098
0	8099
0	8103
0	8107
0	8108
0	8109
0	8110
0	8112
0	8113
0	8120
0	8121
0	8122
0	8124
0	8129
0	8133
0	8136
0	8137
0	8140
0	8144
0	8145
0	8147
0	8151
0	8152
0	8153
0	8155
0	8156
0	8157
0	8159
0	8160
0	8165
0	8166
0	8170
0	8171
0	8173
0	8175
0	8176
0	8178
0	8179
0	8180
0	8181
0	8182
0	8184
0	8186
0	8187
0	8188
0	8189
0	8191
0	8192
0	8193
0	8197
0	8198
0	8201
0	8202
0	8203
0	8210
0	8211
0	8212
0	8214
0	8216
0	8217
0	8219
0	8220
0	8226
0	8228
0	8231
0	8235
0	8238
0	8241
0	8243
0	8244
0	8246
0	8247
0	8248
0	8252
0	8253
0	8254
0	8255
0	8256
0	8257
0	8258
0	8259
0	8261
0	8268
0	8269
0	8271
0	8273
0	8274
0	8278
0	8279
0	8280
0	8282
0	8283
0	8285
0	8287
0	8288
0	8290
0	8294
0	8295
0	8296
0	8297
0	8298
0	8299
0	8300
0	8301
0	8302
0	8306
0	8307
0	8308
0	8310
0	8314
0	8315
0	8319
0	8320
0	8322
0	8324
0	8325
0	8332
0	8339
0	8343
0	8344
0	8345
0	8347
0	8348
0	8349
0	8351
0	8353
0	8354
0	8361
0	8362
0	8365
0	8366
0	8368
0	8372
0	8373
0	8374
0	8375
0	8379
0	8381
0	8383
0	8384
0	8385
0	8386
0	8387
0	8388
0	8389
0	8390
0	8391
0	8392
0	8393
0	8395
0	8396
0	8397
0	8399
0	8401
0	8406
0	8416
0	8417
0	8420
0	8423
0	8424
0	8426
0	8427
0	8428
0	8429
0	8430
0	8431
0	8435
0	8436
0	8439
0	8441
0	8442
0	8443
0	8444
0	8445
0	8447
0	8448
0	8450
0	8455
0	8456
0	8457
0	8459
0	8460
0	8461
0	8462
0	8463
0	8469
0	8470
0	8471
0	8473
0	8475
0	8478
0	8479
0	8485
0	8486
0	8488
0	8489
0	8492
0	8493
0	8495
0	8496
0	8497
0	8500
0	8505
0	8510
0	8511
0	8512
0	8513
0	8514
0	8515
0	8518
0	8519
0	8526
0	8528
0	8530
0	8532
0	8533
0	8536
0	8537
0	8540
0	8541
0	8542
0	8547
0	8548
0	8553
0	8555
0	8558
0	8560
0	8561
0	8562
0	8565
0	8566
0	8567
0	8571
0	8576
0	8581
0	8583
0	8584
0	8585
0	8587
0	8589
0	8590
0	8591
0	8592
0	8596
0	8599
0	8601
0	8605
0	8608
0	8610
0	8611
0	8612
0	8614
0	8615
0	8618
0	8619
0	8621
0	8622
0	8623
0	8625
0	8626
0	8627
0	8628
0	8629
0	8630
0	8631
0	8632
0	8634
0	8637
0	8639
0	8640
0	8642
0	8643
0	8652
0	8653
0	8654
0	8655
0	8657
0	8658
0	8659
0	8660
0	8662
0	8663
0	8665
0	8666
0	8668
0	8671
0	8674
0	8675
0	8676
0	8677
0	8678
0	8679
0	8680
0	8686
0	8689
0	8690
0	8691
0	8692
0	8693
0	8697
0	8698
0	8699
0	8700
0	8701
0	8702
0	8703
0	8705
0	8707
0	8712
0	8714
0	8716
0	8718
0	8719
0	8720
0	8723
0	8726
0	8728
0	8729
0	8730
0	8732
0	8734
0	8736
0	8737
0	8738
0	8740
0	8744
0	8746
0	8748
0	8750
0	8751
0	8752
0	8755
0	8758
0	8759
0	8761
0	8762
0	8763
0	8764
0	8766
0	8767
0	8769
0	8770
0	8772
0	8773
0	8774
0	8775
0	8776
0	8777
0	8778
0	8779
0	8782
0	8789
0	8791
0	8792
0	8793
0	8796
0	8801
0	8802
0	8803
0	8805
0	8810
0	8812
0	8813
0	8814
0	8815
0	8817
0	8819
0	8820
0	8821
0	8822
0	8824
0	8830
0	8831
0	8832
0	8833
0	8834
0	8837
0	8838
0	8839
0	8840
0	8841
0	8842
0	8843
0	8845
0	8847
0	8849
0	8851
0	8852
0	8853
0	8854
0	8857
0	8858
0	8860
0	8864
0	8865
0	8866
0	8868
0	8869
0	8872
0	8879
0	8880
0	8881
0	8882
0	8883
0	8884
0	8885
0	8886
0	8887
0	8888
0	8889
0	8890
0	8891
0	8896
0	8898
0	8900
0	8901
0	8903
0	8905
0	8906
0	8907
0	8908
0	8909
0	8910
0	8913
0	8914
0	8915
0	8916
0	8917
0	8919
0	8920
0	8921
0	8923
0	8926
0	8927
0	8931
0	8934
0	8935
0	8936
0	8937
0	8938
0	8939
0	8940
0	8942
0	8943
0	8944
0	8946
0	8950
0	8951
0	8952
0	8953
0	8954
0	8960
0	8961
0	8962
0	8964
0	8965
0	8967
0	8969
0	8970
0	8972
0	8973
0	8974
0	8976
0	8977
0	8978
0	8980
0	8981
0	8985
0	8987
0	8988
0	8990
0	8991
0	8992
0	8993
0	8994
0	8995
0	8996
0	8998
0	8999
0	9000
0	9004
0	9006
0	9007
0	9008
0	9009
0	9010
0	9011
0	9013
0	9014
0	9017
0	9018
0	9021
0	9022
0	9023
0	9024
0	9028
0	9032
0	9033
0	9034
0	9036
0	9040
0	9041
0	9042
0	9043
0	9044
0	9045
0	9046
0	9047
0	9049
0	9055
0	9057
0	9064
0	9065
0	9066
0	9067
0	9068
0	9071
0	9072
0	9073
0	9074
0	9076
0	9077
0	9078
0	9079
0	9080
0	9081
0	9084
0	9085
0	9086
0	9087
0	9088
0	9091
0	9093
0	9103
0	9104
0	9105
0	9106
0	9108
0	9116
0	9117
0	9119
0	9121
0	9122
0	9124
0	9129
0	9131
0	9132
0	9133
0	9137
0	9138
0	9139
0	9140
0	9141
0	9142
0	9143
0	9144
0	9145
0	9146
0	9147
0	9149
0	9151
0	9152
0	9159
0	9160
0	9161
0	9165
0	9168
0	9169
0	9170
0	9171
0	9173
0	9175
0	9177
0	9179
0	9181
0	9184
0	9185
0	9186
0	9187
0	9188
0	9189
0	9191
0	9192
0	9194
0	9195
0	9196
0	9197
0	9201
0	9202
0	9203
0	9206
0	9207
0	9209
0	9212
0	9213
0	9215
0	9219
0	9220
0	9223
0	9224
0	9230
0	9231
0	9232
0	9233
0	9234
0	9236
0	9237
0	9239
0	9240
0	9241
0	9242
0	9243
0	9245
0	9246
0	9247
0	9248
0	9250
0	9254
0	9257
0	9260
0	9261
0	9262
0	9267
0	9269
0	9270
0	9273
0	9279
0	9281
0	9285
0	9286
0	9288
0	9289
0	9290
0	9291
0	9293
0	9294
0	9295
0	9296
0	9297
0	9299
0	9305
0	9307
0	9309
0	9312
0	9313
0	9314
0	9315
0	9316
0	9317
0	9318
0	9320
0	9321
0	9324
0	9325
0	9328
0	9331
0	9332
0	9337
0	9338
0	9339
0	9340
0	9341
0	9342
0	9343
0	9345
0	9347
0	9349
0	9350
0	9351
0	9354
0	9355
0	9356
0	9357
0	9361
0	9362
0	9363
0	9365
0	9366
0	9370
0	9373
0	9374
0	9375
0	9376
0	9377
0	9378
0	9379
0	9380
0	9383
0	9384
0	9386
0	9390
0	9391
0	9395
0	9398
0	9399
0	9402
0	9403
0	9404
0	9405
0	9406
0	9408
0	9409
0	9412
0	9413
0	9415
0	9416
0	9420
0	9422
0	9427
0	9429
0	9430
0	9431
0	9432
0	9433
0	9438
0	9439
0	9440
0	9441
0	9442
0	9445
0	9447
0	9448
0	9449
0	9451
0	9452
0	9453
0	9454
0	9456
0	9458
0	9461
0	9462
0	9464
0	9466
0	9468
0	9469
0	9470
0	9471
0	9472
0	9473
0	9479
0	9481
0	9482
0	9483
0	9487
0	9491
0	9492
0	9493
0	9494
0	9495
0	9496
0	9497
0	9498
0	9499
0	9500
0	9501
0	9502
0	9503
0	9504
0	9505
0	9508
0	9510
0	9511
0	9514
0	9517
0	9519
0	9520
0	9521
0	9522
0	9524
0	9527
0	9528
0	9529
0	9531
0	9532
0	9533
0	9534
0	9537
0	9539
0	9543
0	9545
0	9547
0	9548
0	9549
0	9550
0	9551
0	9552
0	9554
0	9555
0	9558
0	9560
0	9565
0	9566
0	9568
0	9570
0	9571
0	9572
0	9574
0	9575
0	9576
0	9577
0	9578
0	9580
0	9587
0	9588
0	9591
0	9592
0	9593
0	9594
0	9595
0	9596
0	9597
0	9598
0	9599
0	9600
0	9602
0	9603
0	9605
0	9606
0	9608
0	9609
0	9610
0	9611
0	9614
0	9615
0	9616
0	9617
0	9619
0	9621
0	9622
0	9623
0	9625
0	9628
0	9634
0	9635
0	9638
0	9639
0	9640
0	9641
0	9643
0	9644
0	9646
0	9647
0	9651
0	9652
0	9653
0	9654
0	9658
0	9659
0	9660
0	9662
0	9664
0	9666
0	9667
0	9668
0	9669
0	9671
0	9672
0	9673
0	9674
0	9675
0	9677
0	9678
0	9681
0	9682
0	9683
0	9684
0	9686
0	9687
0	9689
0	9690
0	9691
0	9692
0	9693
0	9694
0	9696
0	9698
0	9699
0	9700
0	9701
0	9704
0	9705
0	9706
0	9707
0	9711
0	9712
0	9714
0	9715
0	9716
0	9718
0	9730
0	9731
0	9736
0	9737
0	9747
0	9748
0	9750
0	9751
0	9752
0	9753
0	9754
0	9755
0	9756
0	9758
0	9759
0	9761
0	9763
0	9767
0	9770
0	9771
0	9772
0	9773
0	9775
0	9776
0	9779
0	9780
0	9783
0	9784
0	9785
0	9786
0	9787
0	9788
0	9789
0	9790
0	9791
0	9793
0	9794
0	9795
0	9798
0	9801
0	9802
0	9803
0	9805
0	9806
0	9807
0	9808
0	9813
0	9815
0	9817
0	9824
0	9826
0	9827
0	9829
0	9830
0	9831
0	9833
0	9834
0	9837
0	9840
0	9841
0	9842
0	9843
0	9844
0	9845
0	9846
0	9848
0	9849
0	9850
0	9852
0	9853
0	9856
0	9858
0	9859
0	9861
0	9862
0	9865
0	9876
0	9877
0	9878
0	9879
0	9880
0	9883
0	9885
0	9886
0	9887
0	9888
0	9890
0	9894
0	9895
0	9896
0	9897
0	9898
0	9899
0	9901
0	9902
0	9908
0	9909
0	9910
0	9912
0	9914
0	9915
0	9916
0	9917
0	9918
0	9919
0	9920
0	9922
0	9923
0	9924
0	9925
0	9926
0	9927
0	9928
0	9929
0	9930
0	9931
0	9934
0	9938
0	9939
0	9944
0	9946
0	9947
0	9948
0	9952
0	9953
0	9954
0	9955
0	9956
0	9958
0	9959
0	9960
0	9963
0	9964
0	9965
0	9968
0	9970
0	9971
0	9972
0	9974
0	9976
0	9977
0	9981
0	9982
0	9987
0	9989
0	9990
0	9991
0	9992
0	9993
0	9998
0	10001
0	10004
0	10005
0	10008
0	10009
0	10013
0	10014
0	10017
0	10018
0	10019
0	10020
0	10021
0	10022
0	10023
0	10024
0	10025
0	10026
0	10031
0	10032
0	10037
0	10039
0	10040
0	10041
0	10042
0	10043
0	10044
0	10049
0	10051
0	10052
0	10055
0	10056
0	10058
0	10060
0	10062
0	10063
0	10066
0	10067
0	10068
0	10072
0	10073
0	10074
0	10075
0	10076
0	10077
0	10078
0	10079
0	10081
0	10082
0	10086
0	10088
0	10090
0	10091
0	10092
0	10093
0	10098
0	10099
0	10102
0	10103
0	10106
0	10107
0	10108
0	10109
0	10111
0	10114
0	10118
0	10123
0	10127
0	10128
0	10130
0	10136
0	10141
0	10143
0	10149
0	10151
0	10152
0	10154
0	10155
0	10157
0	10158
0	10159
0	10161
0	10163
0	10165
0	10168
0	10169
0	10171
0	10174
0	10176
0	10178
0	10179
0	10188
0	10190
0	10191
0	10192
0	10195
0	10197
0	10199
0	10203
0	10205
0	10206
0	10207
0	10208
0	10209
0	10210
0	10211
0	10214
0	10216
0	10217
0	10218
0	10219
0	10220
0	10223
0	10224
0	10227
0	10228
0	10230
0	10233
0	10234
0	10235
0	10236
0	10237
0	10238
0	10239
0	10240
0	10241
0	10242
0	10247
0	10249
0	10252
0	10253
0	10255
0	10256
0	10257
0	10258
0	10259
0	10260
0	10262
0	10263
0	10264
0	10265
0	10266
0	10268
0	10269
0	10270
0	10272
0	10273
0	10274
0	10276
0	10278
0	10279
0	10280
0	10281
0	10282
0	10283
0	10284
0	10285
0	10286
0	10287
0	10288
0	10292
0	10294
0	10296
0	10298
0	10301
0	10303
0	10305
0	10306
0	10307
0	10309
0	10310
0	10317
0	10318
0	10321
0	10322
0	10323
0	10324
0	10325
0	10327
0	10328
0	10329
0	10330
0	10331
0	10332
0	10334
0	10336
0	10338
0	10340
0	10342
0	10343
0	10345
0	10349
0	10350
0	10352
0	10356
0	10357
0	10360
0	10362
0	10363
0	10364
0	10365
0	10367
0	10369
0	10371
0	10372
0	10373
0	10374
0	10377
0	10378
0	10382
0	10385
0	10387
0	10389
0	10390
0	10391
0	10392
0	10393
0	10395
0	10396
0	10397
0	10401
0	10404
0	10406
0	10407
0	10409
0	10410
0	10412
0	10414
0	10415
0	10416
0	10417
0	10418
0	10420
0	10421
0	10422
0	10425
0	10427
0	10429
0	10433
0	10435
0	10436
0	10439
0	10440
0	10441
0	10443
0	10444
0	10448
0	10450
0	10454
0	10456
0	10457
0	10460
0	10461
0	10464
0	10467
0	10468
0	10470
0	10476
0	10478
0	10479
0	10480
0	10485
0	10486
0	10487
0	10489
0	10491
0	10495
0	10497
0	10501
0	10502
0	10503
0	10504
0	10505
0	10506
0	10507
0	10509
0	10510
0	10513
0	10514
0	10515
0	10517
0	10518
0	10519
0	10520
0	10521
0	10522
0	10523
0	10525
0	10527
0	10528
0	10530
0	10531
0	10532
0	10534
0	10536
0	10537
0	10538
0	10539
0	10542
0	10544
0	10545
0	10547
0	10549
0	10550
0	10553
0	10554
0	10555
0	10556
0	10559
0	10560
0	10561
0	10562
0	10563
0	10565
0	10567
0	10568
0	10570
0	10571
0	10572
0	10573
0	10574
0	10575
0	10576
0	10577
0	10578
0	10582
0	10583
0	10585
0	10586
0	10587
0	10588
0	10591
0	10592
0	10593
0	10594
0	10595
0	10596
0	10597
0	10598
0	10599
0	10600
0	10601
0	10602
0	10603
0	10604
0	10605
0	10606
0	10607
0	10608
0	10609
0	10610
0	10611
0	10613
0	10614
0	10616
0	10617
0	10619
0	10620
0	10623
0	10624
0	10627
0	10630
0	10631
0	10633
0	10634
0	10636
0	10638
0	10645
0	10646
0	10647
0	10648
0	10651
0	10652
0	10655
0	10658
0	10660
0	10661
0	10662
0	10663
0	10664
0	10665
0	10670
0	10671
0	10672
0	10674
0	10676
0	10677
0	10682
0	10683
0	10685
0	10689
0	10690
0	10692
0	10693
0	10694
0	10696
0	10697
0	10698
0	10703
0	10704
0	10707
0	10709
0	10710
0	10713
0	10717
0	10718
0	10719
0	10720
0	10721
0	10722
0	10723
0	10728
0	10730
0	10733
0	10735
0	10736
0	10740
0	10741
0	10746
0	10749
0	10750
0	10751
0	10754
0	10755
0	10756
0	10757
0	10758
0	10760
0	10761
0	10762
0	10764
0	10765
0	10766
0	10767
0	10770
0	10772
0	10774
0	10775
0	10780
0	10781
0	10782
0	10783
0	10784
0	10786
0	10787
0	10790
0	10791
0	10793
0	10794
0	10796
0	10797
0	10799
0	10800
0	10801
0	10802
0	10803
0	10806
0	10809
0	10813
0	10814
0	10815
0	10816
0	10819
0	10820
0	10822
0	10823
0	10825
0	10828
0	10829
0	10830
0	10831
0	10832
0	10833
0	10835
0	10838
0	10839
0	10842
0	10843
0	10844
0	10845
0	10846
0	10848
0	10849
0	10850
0	10853
0	10854
0	10855
0	10859
0	10861
0	10864
0	10867
0	10868
0	10870
0	10872
0	10875
0	10877
0	10879
0	10880
0	10881
0	10882
0	10883
0	10884
0	10887
0	10890
0	10893
0	10896
0	10897
0	10899
0	10900
0	10901
0	10902
0	10903
0	10904
0	10905
0	10906
0	10907
0	10908
0	10909
0	10910
0	10911
0	10912
0	10914
0	10917
0	10918
0	10919
0	10920
0	10921
0	10922
0	10923
0	10926
0	10927
0	10928
0	10929
0	10930
0	10931
0	10932
0	10933
0	10937
0	10938
0	10945
0	10946
0	10947
0	10948
0	10949
0	10951
0	10952
0	10954
0	10955
0	10957
0	10958
0	10966
0	10968
0	10969
0	10971
0	10972
0	10973
0	10974
0	10975
0	10976
0	10977
0	10979
0	10983
0	10984
0	10986
0	10989
0	10992
0	10993
0	10994
0	10996
0	10998
0	10999
0	11001
0	11004
0	11007
0	11011
0	11015
0	11016
0	11018
0	11019
0	11022
0	11024
0	11025
0	11026
0	11031
0	11032
0	11038
0	11040
0	11042
0	11043
0	11045
0	11046
0	11047
0	11048
0	11051
0	11052
0	11053
0	11054
0	11056
0	11057
0	11064
0	11065
0	11070
0	11071
0	11072
0	11075
0	11077
0	11078
0	11079
0	11080
0	11083
0	11086
0	11087
0	11088
0	11089
0	11090
0	11092
0	11096
0	11097
0	11099
0	11101
0	11106
0	11107
0	11111
0	11114
0	11115
0	11120
0	11121
0	11123
0	11124
0	11125
0	11126
0	11129
0	11130
0	11132
0	11136
0	11137
0	11138
0	11139
0	11141
0	11144
0	11145
0	11148
0	11149
0	11150
0	11152
0	11154
0	11157
0	11159
0	11160
0	11162
0	11164
0	11165
0	11166
0	11168
0	11169
0	11170
0	11171
0	11173
0	11175
0	11177
0	11179
0	11181
0	11182
0	11183
0	11187
0	11191
0	11193
0	11198
0	11199
0	11200
0	11203
0	11204
0	11206
0	11209
0	11211
0	11213
0	11214
0	11215
0	11219
0	11222
0	11226
0	11229
0	11230
0	11231
0	11232
0	11234
0	11238
0	11239
0	11240
0	11241
0	11243
0	11245
0	11246
0	11249
0	11253
0	11255
0	11256
0	11258
0	11259
0	11260
0	11261
0	11262
0	11268
0	11269
0	11270
0	11272
0	11273
0	11276
0	11277
0	11278
0	11279
0	11281
0	11283
0	11286
0	11287
0	11289
0	11290
0	11291
0	11293
0	11294
0	11295
0	11296
0	11297
0	11298
0	11300
0	11301
0	11305
0	11307
0	11308
0	11311
0	11312
0	11313
0	11314
0	11315
0	11316
0	11318
0	11319
0	11327
0	11328
0	11329
0	11330
0	11333
0	11336
0	11337
0	11338
0	11340
0	11343
0	11344
0	11346
0	11347
0	11348
0	11349
0	11351
0	11352
0	11353
0	11354
0	11355
0	11356
0	11358
0	11360
0	11361
0	11364
0	11365
0	11366
0	11368
0	11369
0	11375
0	11376
0	11380
0	11381
0	11384
0	11385
0	11386
0	11388
0	11389
0	11390
0	11392
0	11393
0	11397
0	11398
0	11400
0	11404
0	11405
0	11406
0	11407
0	11408
0	11409
0	11415
0	11417
0	11418
0	11419
0	11420
0	11423
0	11424
0	11425
0	11430
0	11432
0	11435
0	11436
0	11437
0	11438
0	11439
0	11440
0	11441
0	11443
0	11446
0	11447
0	11450
0	11451
0	11454
0	11456
0	11458
0	11459
0	11461
0	11462
0	11464
0	11465
0	11466
0	11467
0	11470
0	11471
0	11472
0	11475
0	11476
0	11478
0	11485
0	11488
0	11497
0	11498
0	11499
0	11505
0	11506
0	11507
0	11508
0	11511
0	11513
0	11516
0	11517
0	11518
0	11520
0	11522
0	11523
0	11525
0	11526
0	11528
0	11530
0	11534
0	11538
0	11541
0	11542
0	11543
0	11546
0	11547
0	11551
0	11555
0	11557
0	11558
0	11560
0	11563
0	11564
0	11565
0	11567
0	11568
0	11571
0	11572
0	11573
0	11575
0	11576
0	11582
0	11584
0	11586
0	11590
0	11596
0	11598
0	11599
0	11600
0	11602
0	11604
0	11606
0	11607
0	11610
0	11614
0	11615
0	11621
0	11624
0	11627
0	11628
0	11629
0	11630
0	11631
0	11633
0	11635
0	11638
0	11639
0	11645
0	11647
0	11650
0	11651
0	11652
0	11653
0	11654
0	11655
0	11657
0	11661
0	11662
0	11663
0	11665
0	11668
0	11674
0	11675
0	11676
0	11677
0	11678
0	11679
0	11680
0	11681
0	11682
0	11683
0	11684
0	11686
0	11687
0	11688
0	11692
0	11695
0	11696
0	11698
0	11699
0	11702
0	11706
0	11707
0	11708
0	11709
0	11710
0	11712
0	11713
0	11714
0	11717
0	11718
0	11719
0	11723
0	11724
0	11727
0	11729
0	11730
0	11732
0	11733
0	11735
0	11737
0	11738
0	11739
0	11741
0	11743
0	11744
0	11748
0	11750
0	11752
0	11754
0	11755
0	11759
0	11760
0	11762
0	11764
0	11765
0	11767
0	11768
0	11769
0	11771
0	11775
0	11776
0	11779
0	11782
0	11783
0	11784
0	11785
0	11786
0	11788
0	11789
0	11790
0	11794
0	11797
0	11798
0	11799
0	11803
0	11805
0	11806
0	11807
0	11808
0	11809
0	11810
0	11812
0	11815
0	11817
0	11818
0	11819
0	11821
0	11822
0	11823
0	11826
0	11831
0	11833
0	11834
0	11835
0	11836
0	11837
0	11838
0	11844
0	11845
0	11847
0	11853
0	11855
0	11856
0	11859
0	11860
0	11861
0	11862
0	11863
0	11867
0	11869
0	11870
0	11872
0	11873
0	11875
0	11876
0	11880
0	11881
0	11882
0	11888
0	11890
0	11891
0	11892
0	11893
0	11894
0	11895
0	11897
0	11898
0	11899
0	11901
0	11902
0	11903
0	11908
0	11909
0	11910
0	11911
0	11912
0	11913
0	11914
0	11915
0	11916
0	11917
0	11920
0	11922
0	11923
0	11924
0	11928
0	11929
0	11930
0	11931
0	11932
0	11934
0	11935
0	11936
0	11939
0	11942
0	11944
0	11945
0	11948
0	11949
0	11950
0	11956
0	11957
0	11961
0	11963
0	11964
0	11966
0	11967
0	11969
0	11970
0	11972
0	11974
0	11976
0	11977
0	11978
0	11979
0	11980
0	11981
0	11985
0	11986
0	11988
0	11989
0	11990
0	11991
0	11992
0	11993
0	11995
0	11996
0	11997
0	11998
0	11999
0	12000
0	12001
0	12005
0	12007
0	12010
0	12011
0	12012
0	12013
0	12014
0	12017
0	12018
0	12022
0	12024
0	12028
0	12029
0	12032
0	12033
0	12034
0	12035
0	12037
0	12038
0	12039
0	12046
0	12047
0	12051
0	12053
0	12056
0	12058
0	12061
0	12062
0	12063
0	12064
0	12065
0	12067
0	12071
0	12072
0	12073
0	12074
0	12075
0	12076
0	12078
0	12079
0	12080
0	12082
0	12083
0	12084
0	12089
0	12090
0	12092
0	12093
0	12094
0	12095
0	12097
0	12098
0	12099
0	12100
0	12101
0	12103
0	12104
0	12106
0	12107
0	12108
0	12109
0	12112
0	12113
0	12114
0	12115
0	12116
0	12117
0	12118
0	12119
0	12120
0	12121
0	12122
0	12127
0	12128
0	12133
0	12136
0	12140
0	12141
0	12142
0	12143
0	12145
0	12146
0	12147
0	12148
0	12149
0	12150
0	12152
0	12153
0	12154
0	12156
0	12157
0	12158
0	12159
0	12160
0	12161
0	12162
0	12163
0	12164
0	12166
0	12167
0	12168
0	12169
0	12170
0	12171
0	12174
0	12175
0	12176
0	12179
0	12184
0	12185
0	12187
0	12190
0	12192
0	12193
0	12196
0	12197
0	12198
0	12199
0	12200
0	12201
0	12202
0	12203
0	12205
0	12207
0	12208
0	12209
0	12212
0	12213
0	12214
0	12215
0	12216
0	12217
0	12219
0	12220
0	12222
0	12224
0	12225
0	12226
0	12230
0	12231
0	12232
0	12233
0	12234
0	12237
0	12240
0	12243
0	12244
0	12246
0	12248
0	12249
0	12250
0	12251
0	12252
0	12255
0	12259
0	12260
0	12261
0	12263
0	12264
0	12267
0	12268
0	12269
0	12270
0	12271
0	12274
0	12277
0	12281
0	12283
0	12284
0	12285
0	12286
0	12288
0	12291
0	12292
0	12294
0	12295
0	12296
0	12297
0	12298
0	12299
0	12300
0	12301
0	12302
0	12303
0	12311
0	12314
0	12315
0	12317
0	12318
0	12319
0	12320
0	12322
0	12324
0	12325
0	12326
0	12327
0	12328
0	12329
0	12330
0	12332
0	12333
0	12337
0	12340
0	12344
0	12345
0	12346
0	12351
0	12353
0	12356
0	12362
0	12364
0	12365
0	12366
0	12367
0	12371
0	12372
0	12376
0	12379
0	12380
0	12381
0	12382
0	12385
0	12387
0	12392
0	12393
0	12396
0	12397
0	12398
0	12399
0	12400
0	12403
0	12404
0	12405
0	12406
0	12407
0	12410
0	12412
0	12413
0	12415
0	12416
0	12418
0	12419
0	12420
0	12421
0	12422
0	12423
0	12424
0	12425
0	12427
0	12432
0	12433
0	12434
0	12436
0	12437
0	12439
0	12440
0	12442
0	12443
0	12444
0	12446
0	12447
0	12452
0	12453
0	12454
0	12455
0	12456
0	12459
0	12461
0	12465
0	12466
0	12470
0	12471
0	12472
0	12474
0	12475
0	12478
0	12480
0	12481
0	12482
0	12483
0	12485
0	12486
0	12488
0	12490
0	12491
0	12498
0	12499
0	12501
0	12510
0	12511
0	12515
0	12516
0	12520
0	12524
0	12533
0	12534
0	12537
0	12541
0	12551
0	12554
0	12556
0	12563
0	12564
0	12567
0	12568
0	12578
0	12584
0	12585
0	12586
0	12594
0	12598
0	12603
0	12611
0	12614
0	12617
0	12621
0	12622
0	12623
0	12625
0	12626
0	12628
0	12629
0	12632
0	12633
0	12636
0	12637
0	12643
0	12644
0	12647
0	12648
0	12650
0	12652
0	12653
0	12654
0	12655
0	12656
0	12660
0	12661
0	12662
0	12664
0	12666
0	12667
0	12669
0	12670
0	12671
0	12674
0	12675
0	12678
0	12680
0	12685
0	12687
0	12689
0	12690
0	12692
0	12693
0	12694
0	12696
0	12697
0	12698
0	12700
0	12702
0	12704
0	12706
0	12710
0	12711
0	12712
0	12713
0	12714
0	12715
0	12716
0	12718
0	12719
0	12720
0	12723
0	12725
0	12726
0	12727
0	12728
0	12729
0	12730
0	12732
0	12733
0	12734
0	12735
0	12736
0	12741
0	12742
0	12745
0	12746
0	12747
0	12748
0	12749
0	12750
0	12754
0	12757
0	12758
0	12759
0	12765
0	12769
0	12770
0	12771
0	12775
0	12779
0	12780
0	12781
0	12784
0	12785
0	12786
0	12788
0	12790
0	12792
0	12793
0	12794
0	12796
0	12797
0	12799
0	12801
0	12803
0	12808
0	12810
0	12811
0	12812
0	12813
0	12814
0	12815
0	12817
0	12819
0	12822
0	12823
0	12825
0	12831
0	12837
0	12838
0	12839
0	12840
0	12845
0	12846
0	12849
0	12850
0	12853
0	12855
0	12858
0	12863
0	12865
0	12867
0	12868
0	12869
0	12872
0	12878
0	12879
0	12880
0	12886
0	12887
0	12888
0	12889
0	12890
0	12892
0	12894
0	12895
0	12896
0	12897
0	12898
0	12899
0	12901
0	12902
0	12903
0	12904
0	12905
0	12906
0	12908
0	12912
0	12913
0	12915
0	12916
0	12918
0	12919
0	12921
0	12925
0	12927
0	12929
0	12930
0	12935
0	12937
0	12939
0	12940
0	12941
0	12943
0	12944
0	12946
0	12949
0	12953
0	12955
0	12956
0	12957
0	12958
0	12960
0	12961
0	12962
0	12963
0	12964
0	12965
0	12966
0	12967
0	12968
0	12969
0	12970
0	12971
0	12974
0	12975
0	12977
0	12978
0	12979
0	12981
0	12983
0	12985
0	12986
0	12988
0	12989
0	12991
0	12992
0	12993
0	12994
0	12995
0	12996
0	12997
0	12998
0	12999
0	13001
0	13004
0	13005
0	13006
0	13007
0	13009
0	13011
0	13013
0	13014
0	13015
0	13016
0	13017
0	13018
0	13019
0	13020
0	13021
0	13022
0	13023
0	13025
0	13026
0	13027
0	13028
0	13029
0	13031
0	13032
0	13034
0	13035
0	13036
0	13037
0	13038
0	13039
0	13040
0	13041
0	13042
0	13043
0	13044
0	13047
0	13048
0	13050
0	13051
0	13053
0	13054
0	13056
0	13059
0	13061
0	13062
0	13065
0	13066
0	13067
0	13068
0	13070
0	13071
0	13072
0	13073
0	13074
0	13075
0	13076
0	13077
0	13078
0	13079
0	13080
1	44
1	93
1	147
1	216
1	287
1	296
1	319
1	328
1	347
1	412
1	464
1	473
1	550
1	640
1	710
1	770
1	810
1	879
1	891
1	909
1	1092
1	1179
1	1200
1	1308
1	1386
1	1403
1	1451
1	1529
1	1536
1	1589
1	1613
1	1732
1	1747
1	1756
1	1960
1	1987
1	2072
1	2113
1	2144
1	2150
1	2163
1	2169
1	2170
1	2171
1	2172
1	2187
1	2196
1	2202
1	2214
1	2215
1	2220
1	2221
1	2236
1	2243
1	2248
1	2272
1	2277
1	2282
1	2283
1	2312
1	2315
1	2321
1	2338
1	2346
1	2377
1	2387
1	2419
1	2428
1	2444
1	2480
1	2654
1	2663
1	2739
1	2936
1	2963
1	2969
1	2989
1	3023
1	3030
1	3060
1	3069
1	3072
1	3087
1	3088
1	3091
1	3119
1	3136
1	3140
1	3142
1	3156
1	3157
1	3158
1	3163
1	3166
1	3172
1	3174
1	3178
1	3179
1	3183
1	3186
1	3189
1	3190
1	3191
1	3194
1	3196
1	3205
1	3206
1	3207
1	3208
1	3209
1	3210
1	3212
1	3213
1	3216
1	3219
1	3222
1	3224
1	3226
1	3239
1	3263
1	3270
1	3289
1	3291
1	3292
1	3300
1	3312
1	3313
1	3321
1	3326
1	3339
1	3344
1	3345
1	3353
1	3363
1	3365
1	3382
1	3383
1	3396
1	3398
1	3401
1	3409
1	3410
1	3411
1	3412
1	3418
1	3419
1	3423
1	3433
1	3438
1	3451
1	3454
1	3457
1	3458
1	3460
1	3461
1	3497
1	3503
1	3509
1	3524
1	3530
1	3533
1	3536
1	3538
1	3543
1	3544
1	3546
1	3552
1	3557
1	3570
1	3595
1	3597
1	3599
1	3625
1	3628
1	3637
1	3651
1	3654
1	3658
1	3664
1	3666
1	3671
1	3674
1	3682
1	3697
1	3701
1	3703
1	3707
1	3710
1	3713
1	3726
1	3744
1	3745
1	3746
1	3756
1	3757
1	3763
1	3767
1	3769
1	3779
1	3780
1	3785
1	3787
1	3788
1	3805
1	3811
1	3812
1	3814
1	3815
1	3818
1	3826
1	3834
1	3837
1	3841
1	3855
1	3861
1	3871
1	3872
1	3883
1	3920
1	3923
1	3925
1	3928
1	3948
1	3955
1	3956
1	3958
1	3968
1	3969
1	3970
1	3971
1	3972
1	3973
1	3989
1	3995
1	4004
1	4009
1	4016
1	4033
1	4034
1	4038
1	4041
1	4050
1	4052
1	4064
1	4076
1	4080
1	4087
1	4089
1	4091
1	4093
1	4101
1	4103
1	4108
1	4121
1	4136
1	4137
1	4141
1	4143
1	4145
1	4147
1	4153
1	4162
1	4163
1	4164
1	4168
1	4175
1	4177
1	4179
1	4181
1	4184
1	4189
1	4190
1	4200
1	4201
1	4203
1	4214
1	4215
1	4216
1	4222
1	4224
1	4233
1	4244
1	4245
1	4248
1	4251
1	4259
1	4260
1	4261
1	4262
1	4264
1	4274
1	4275
1	4281
1	4284
1	4286
1	4291
1	4299
1	4306
1	4307
1	4311
1	4312
1	4318
1	4329
1	4334
1	4335
1	4338
1	4340
1	4346
1	4347
1	4354
1	4367
1	4381
1	4390
1	4395
1	4400
1	4402
1	4406
1	4407
1	4414
1	4415
1	4418
1	4446
1	4448
1	4452
1	4457
1	4467
1	4470
1	4471
1	4473
1	4479
1	4483
1	4484
1	4489
1	4508
1	4510
1	4511
1	4516
1	4536
1	4560
1	4564
1	4565
1	4566
1	4583
1	4599
1	4600
1	4602
1	4603
1	4604
1	4605
1	4610
1	4612
1	4619
1	4620
1	4625
1	4628
1	4629
1	4630
1	4633
1	4634
1	4643
1	4650
1	4655
1	4657
1	4662
1	4666
1	4689
1	4713
1	4716
1	4740
1	4749
1	4750
1	4751
1	4758
1	4776
1	4786
1	4800
1	4805
1	4807
1	4810
1	4820
1	4824
1	4831
1	4832
1	4833
1	4834
1	4840
1	4842
1	4845
1	4850
1	4860
1	4861
1	4870
1	4872
1	4877
1	4884
1	4887
1	4895
1	4896
1	4904
1	4915
1	4928
1	4932
1	4934
1	4938
1	4940
1	4942
1	4946
1	4955
1	4960
1	4962
1	4964
1	4974
1	4975
1	4980
1	4983
1	4991
1	4998
1	4999
1	5000
1	5002
1	5004
1	5013
1	5029
1	5042
1	5049
1	5050
1	5059
1	5062
1	5070
1	5072
1	5075
1	5084
1	5092
1	5108
1	5111
1	5113
1	5123
1	5125
1	5130
1	5132
1	5133
1	5134
1	5142
1	5144
1	5151
1	5155
1	5165
1	5168
1	5180
1	5187
1	5193
1	5199
1	5216
1	5218
1	5239
1	5246
1	5252
1	5265
1	5270
1	5272
1	5285
1	5289
1	5290
1	5295
1	5296
1	5319
1	5323
1	5332
1	5337
1	5338
1	5346
1	5349
1	5350
1	5352
1	5353
1	5356
1	5364
1	5388
1	5389
1	5392
1	5398
1	5411
1	5416
1	5425
1	5432
1	5433
1	5451
1	5462
1	5466
1	5470
1	5476
1	5477
1	5479
1	5480
1	5488
1	5505
1	5518
1	5520
1	5533
1	5536
1	5542
1	5547
1	5551
1	5563
1	5564
1	5566
1	5568
1	5572
1	5576
1	5583
1	5587
1	5590
1	5609
1	5612
1	5615
1	5616
1	5631
1	5656
1	5674
1	5676
1	5677
1	5680
1	5683
1	5695
1	5702
1	5703
1	5711
1	5716
1	5718
1	5727
1	5732
1	5736
1	5738
1	5761
1	5765
1	5768
1	5770
1	5771
1	5772
1	5780
1	5781
1	5787
1	5789
1	5791
1	5805
1	5811
1	5815
1	5831
1	5840
1	5845
1	5848
1	5851
1	5853
1	5854
1	5861
1	5865
1	5867
1	5868
1	5875
1	5878
1	5897
1	5903
1	5905
1	5912
1	5914
1	5931
1	5937
1	5941
1	5942
1	5943
1	5946
1	5948
1	5949
1	5956
1	5960
1	5966
1	5970
1	5971
1	5987
1	5989
1	5994
1	5995
1	5996
1	6026
1	6036
1	6055
1	6057
1	6082
1	6088
1	6089
1	6109
1	6113
1	6115
1	6116
1	6123
1	6124
1	6127
1	6129
1	6132
1	6134
1	6136
1	6148
1	6153
1	6161
1	6163
1	6165
1	6192
1	6197
1	6200
1	6204
1	6210
1	6221
1	6223
1	6226
1	6227
1	6250
1	6255
1	6262
1	6264
1	6282
1	6298
1	6305
1	6309
1	6312
1	6320
1	6323
1	6339
1	6345
1	6346
1	6349
1	6354
1	6355
1	6362
1	6373
1	6378
1	6381
1	6382
1	6390
1	6392
1	6394
1	6397
1	6398
1	6405
1	6408
1	6413
1	6416
1	6422
1	6429
1	6432
1	6436
1	6447
1	6449
1	6459
1	6461
1	6469
1	6479
1	6481
1	6486
1	6490
1	6494
1	6497
1	6507
1	6520
1	6532
1	6537
1	6540
1	6541
1	6544
1	6557
1	6578
1	6580
1	6612
1	6620
1	6623
1	6634
1	6644
1	6649
1	6650
1	6654
1	6657
1	6660
1	6669
1	6688
1	6690
1	6693
1	6703
1	6704
1	6706
1	6713
1	6719
1	6728
1	6730
1	6749
1	6752
1	6753
1	6759
1	6762
1	6763
1	6768
1	6771
1	6776
1	6777
1	6780
1	6789
1	6791
1	6793
1	6799
1	6803
1	6810
1	6837
1	6838
1	6843
1	6846
1	6847
1	6851
1	6854
1	6856
1	6859
1	6862
1	6870
1	6871
1	6877
1	6885
1	6891
1	6905
1	6912
1	6918
1	6940
1	6943
1	6948
1	6950
1	6951
1	6953
1	6957
1	6962
1	6968
1	6971
1	6978
1	6979
1	6990
1	6995
1	7009
1	7013
1	7022
1	7024
1	7049
1	7050
1	7052
1	7055
1	7067
1	7068
1	7074
1	7075
1	7080
1	7081
1	7083
1	7088
1	7096
1	7101
1	7106
1	7114
1	7121
1	7137
1	7138
1	7139
1	7146
1	7151
1	7153
1	7162
1	7163
1	7166
1	7167
1	7169
1	7173
1	7175
1	7180
1	7186
1	7187
1	7188
1	7189
1	7198
1	7220
1	7228
1	7233
1	7234
1	7236
1	7240
1	7256
1	7259
1	7262
1	7269
1	7273
1	7286
1	7293
1	7296
1	7315
1	7316
1	7330
1	7331
1	7353
1	7375
1	7383
1	7385
1	7398
1	7401
1	7404
1	7408
1	7415
1	7416
1	7417
1	7419
1	7424
1	7425
1	7428
1	7429
1	7438
1	7448
1	7453
1	7458
1	7459
1	7472
1	7476
1	7484
1	7501
1	7514
1	7530
1	7531
1	7535
1	7546
1	7548
1	7552
1	7560
1	7577
1	7587
1	7589
1	7593
1	7598
1	7606
1	7616
1	7620
1	7623
1	7627
1	7641
1	7647
1	7649
1	7650
1	7657
1	7664
1	7668
1	7669
1	7670
1	7672
1	7676
1	7677
1	7680
1	7689
1	7717
1	7721
1	7723
1	7734
1	7744
1	7745
1	7747
1	7750
1	7752
1	7755
1	7757
1	7771
1	7781
1	7792
1	7793
1	7794
1	7809
1	7817
1	7819
1	7820
1	7821
1	7836
1	7849
1	7851
1	7857
1	7861
1	7863
1	7864
1	7865
1	7879
1	7880
1	7885
1	7886
1	7899
1	7903
1	7905
1	7913
1	7928
1	7932
1	7937
1	7940
1	7943
1	7944
1	7950
1	7951
1	7959
1	7960
1	7961
1	7966
1	7967
1	7973
1	7975
1	7980
1	7993
1	7994
1	7995
1	7996
1	7997
1	8013
1	8015
1	8024
1	8035
1	8037
1	8046
1	8067
1	8076
1	8083
1	8087
1	8092
1	8094
1	8095
1	8096
1	8097
1	8102
1	8104
1	8105
1	8106
1	8114
1	8115
1	8119
1	8127
1	8130
1	8131
1	8132
1	8146
1	8148
1	8150
1	8158
1	8174
1	8183
1	8190
1	8196
1	8205
1	8215
1	8218
1	8222
1	8224
1	8237
1	8239
1	8242
1	8249
1	8260
1	8275
1	8276
1	8277
1	8289
1	8291
1	8303
1	8313
1	8316
1	8326
1	8328
1	8330
1	8333
1	8341
1	8342
1	8350
1	8355
1	8357
1	8358
1	8360
1	8369
1	8371
1	8376
1	8377
1	8378
1	8380
1	8382
1	8402
1	8403
1	8408
1	8419
1	8432
1	8433
1	8437
1	8438
1	8440
1	8468
1	8474
1	8482
1	8487
1	8490
1	8491
1	8503
1	8504
1	8507
1	8508
1	8516
1	8522
1	8525
1	8527
1	8531
1	8539
1	8544
1	8549
1	8556
1	8569
1	8570
1	8572
1	8606
1	8617
1	8620
1	8636
1	8641
1	8646
1	8667
1	8669
1	8673
1	8683
1	8694
1	8695
1	8706
1	8721
1	8724
1	8725
1	8733
1	8742
1	8743
1	8753
1	8756
1	8757
1	8760
1	8780
1	8781
1	8783
1	8786
1	8788
1	8790
1	8795
1	8809
1	8825
1	8827
1	8829
1	8846
1	8855
1	8863
1	8877
1	8892
1	8899
1	8911
1	8912
1	8928
1	8930
1	8941
1	8947
1	8955
1	8963
1	8966
1	8968
1	8979
1	8986
1	9002
1	9015
1	9019
1	9025
1	9026
1	9030
1	9035
1	9038
1	9039
1	9050
1	9052
1	9053
1	9054
1	9062
1	9069
1	9070
1	9075
1	9083
1	9095
1	9099
1	9100
1	9107
1	9110
1	9111
1	9114
1	9123
1	9130
1	9134
1	9135
1	9148
1	9150
1	9154
1	9157
1	9162
1	9174
1	9176
1	9205
1	9208
1	9210
1	9216
1	9225
1	9227
1	9228
1	9238
1	9280
1	9282
1	9283
1	9284
1	9292
1	9298
1	9301
1	9302
1	9306
1	9308
1	9322
1	9329
1	9348
1	9352
1	9358
1	9369
1	9392
1	9394
1	9396
1	9397
1	9401
1	9407
1	9410
1	9414
1	9418
1	9419
1	9423
1	9434
1	9446
1	9450
1	9455
1	9460
1	9463
1	9465
1	9477
1	9478
1	9486
1	9506
1	9507
1	9509
1	9518
1	9523
1	9526
1	9536
1	9540
1	9541
1	9553
1	9556
1	9557
1	9561
1	9562
1	9579
1	9583
1	9586
1	9589
1	9590
1	9612
1	9618
1	9624
1	9627
1	9630
1	9632
1	9645
1	9649
1	9650
1	9655
1	9661
1	9670
1	9685
1	9688
1	9695
1	9702
1	9720
1	9721
1	9722
1	9723
1	9726
1	9727
1	9729
1	9735
1	9760
1	9766
1	9768
1	9769
1	9774
1	9777
1	9778
1	9792
1	9804
1	9809
1	9811
1	9814
1	9816
1	9828
1	9832
1	9835
1	9836
1	9847
1	9870
1	9873
1	9875
1	9884
1	9900
1	9907
1	9911
1	9913
1	9921
1	9935
1	9957
1	9967
1	9969
1	9973
1	9978
1	10010
1	10012
1	10015
1	10016
1	10027
1	10028
1	10033
1	10050
1	10059
1	10064
1	10065
1	10069
1	10070
1	10071
1	10083
1	10084
1	10085
1	10087
1	10097
1	10105
1	10110
1	10113
1	10116
1	10117
1	10134
1	10138
1	10142
1	10148
1	10150
1	10153
1	10156
1	10172
1	10173
1	10177
1	10180
1	10181
1	10183
1	10213
1	10229
1	10231
1	10243
1	10248
1	10250
1	10251
1	10271
1	10275
1	10291
1	10293
1	10297
1	10302
1	10304
1	10308
1	10311
1	10313
1	10315
1	10316
1	10326
1	10341
1	10344
1	10346
1	10353
1	10354
1	10355
1	10358
1	10359
1	10361
1	10368
1	10394
1	10411
1	10423
1	10434
1	10447
1	10449
1	10452
1	10453
1	10465
1	10466
1	10471
1	10472
1	10473
1	10474
1	10483
1	10488
1	10492
1	10493
1	10494
1	10496
1	10511
1	10524
1	10533
1	10535
1	10543
1	10551
1	10557
1	10558
1	10566
1	10584
1	10612
1	10621
1	10622
1	10625
1	10629
1	10635
1	10637
1	10639
1	10641
1	10649
1	10654
1	10667
1	10678
1	10687
1	10701
1	10702
1	10708
1	10712
1	10714
1	10715
1	10716
1	10724
1	10725
1	10726
1	10729
1	10738
1	10739
1	10745
1	10759
1	10792
1	10804
1	10824
1	10834
1	10841
1	10851
1	10862
1	10866
1	10871
1	10876
1	10878
1	10888
1	10889
1	10891
1	10894
1	10913
1	10915
1	10936
1	10944
1	10950
1	10953
1	10980
1	10981
1	11002
1	11003
1	11005
1	11008
1	11009
1	11017
1	11021
1	11033
1	11044
1	11049
1	11055
1	11061
1	11066
1	11068
1	11069
1	11073
1	11076
1	11081
1	11085
1	11094
1	11102
1	11103
1	11109
1	11110
1	11113
1	11117
1	11118
1	11127
1	11131
1	11134
1	11135
1	11140
1	11143
1	11151
1	11158
1	11167
1	11174
1	11188
1	11189
1	11190
1	11192
1	11197
1	11217
1	11218
1	11220
1	11221
1	11223
1	11224
1	11225
1	11228
1	11233
1	11237
1	11242
1	11254
1	11263
1	11264
1	11275
1	11280
1	11284
1	11285
1	11292
1	11299
1	11302
1	11304
1	11310
1	11320
1	11322
1	11323
1	11325
1	11326
1	11342
1	11345
1	11350
1	11357
1	11373
1	11379
1	11391
1	11394
1	11395
1	11402
1	11414
1	11416
1	11421
1	11422
1	11427
1	11444
1	11448
1	11455
1	11460
1	11468
1	11483
1	11489
1	11502
1	11503
1	11509
1	11514
1	11521
1	11524
1	11527
1	11529
1	11531
1	11532
1	11533
1	11539
1	11540
1	11545
1	11549
1	11552
1	11562
1	11569
1	11577
1	11581
1	11583
1	11585
1	11594
1	11597
1	11608
1	11622
1	11623
1	11634
1	11646
1	11669
1	11670
1	11673
1	11685
1	11690
1	11691
1	11693
1	11694
1	11700
1	11701
1	11703
1	11704
1	11705
1	11715
1	11720
1	11726
1	11731
1	11734
1	11736
1	11740
1	11749
1	11758
1	11763
1	11766
1	11778
1	11791
1	11792
1	11796
1	11816
1	11820
1	11825
1	11829
1	11830
1	11832
1	11840
1	11841
1	11843
1	11854
1	11858
1	11865
1	11868
1	11874
1	11877
1	11879
1	11884
1	11887
1	11889
1	11900
1	11926
1	11927
1	11941
1	11943
1	11951
1	11955
1	11958
1	11975
1	11984
1	12009
1	12015
1	12016
1	12020
1	12023
1	12041
1	12042
1	12043
1	12045
1	12050
1	12052
1	12060
1	12068
1	12081
1	12085
1	12086
1	12087
1	12091
1	12105
1	12110
1	12111
1	12126
1	12131
1	12134
1	12138
1	12139
1	12144
1	12151
1	12165
1	12173
1	12177
1	12178
1	12186
1	12206
1	12223
1	12228
1	12236
1	12239
1	12242
1	12245
1	12256
1	12258
1	12262
1	12265
1	12273
1	12278
1	12282
1	12287
1	12290
1	12293
1	12334
1	12343
1	12350
1	12355
1	12359
1	12360
1	12361
1	12369
1	12375
1	12377
1	12383
1	12384
1	12386
1	12388
1	12390
1	12391
1	12448
1	12450
1	12463
1	12464
1	12467
1	12469
1	12473
1	12484
1	12489
1	12512
1	12574
1	12646
1	12659
1	12740
1	12743
1	12753
1	12777
1	12782
1	12818
1	12835
1	12844
1	12852
1	12854
1	12875
1	12881
1	13002
1	13003
1	13049
1	13063
2	16
2	19
2	23
2	29
2	41
2	46
2	67
2	73
2	79
2	87
2	100
2	130
2	131
2	140
2	158
2	160
2	181
2	209
2	219
2	222
2	246
2	253
2	255
2	268
2	284
2	286
2	288
2	290
2	295
2	298
2	299
2	304
2	309
2	316
2	322
2	326
2	327
2	330
2	333
2	337
2	339
2	341
2	342
2	343
2	350
2	353
2	355
2	363
2	376
2	377
2	380
2	388
2	394
2	403
2	404
2	405
2	418
2	420
2	424
2	428
2	429
2	433
2	436
2	439
2	449
2	450
2	457
2	458
2	463
2	475
2	481
2	482
2	483
2	486
2	488
2	490
2	493
2	499
2	500
2	518
2	522
2	523
2	528
2	531
2	532
2	537
2	539
2	544
2	549
2	552
2	555
2	560
2	562
2	569
2	572
2	579
2	588
2	613
2	628
2	634
2	637
2	656
2	679
2	693
2	718
2	721
2	722
2	732
2	735
2	748
2	771
2	784
2	785
2	791
2	792
2	797
2	802
2	803
2	806
2	812
2	818
2	819
2	822
2	841
2	843
2	851
2	858
2	865
2	868
2	881
2	919
2	925
2	942
2	953
2	954
2	959
2	979
2	981
2	984
2	987
2	994
2	1002
2	1005
2	1020
2	1025
2	1029
2	1042
2	1048
2	1055
2	1065
2	1070
2	1096
2	1102
2	1113
2	1126
2	1131
2	1132
2	1133
2	1134
2	1159
2	1169
2	1175
2	1205
2	1224
2	1229
2	1230
2	1236
2	1246
2	1268
2	1270
2	1280
2	1281
2	1290
2	1293
2	1327
2	1329
2	1330
2	1335
2	1336
2	1345
2	1362
2	1374
2	1387
2	1398
2	1400
2	1401
2	1411
2	1417
2	1426
2	1436
2	1446
2	1473
2	1482
2	1505
2	1538
2	1551
2	1555
2	1560
2	1571
2	1595
2	1609
2	1612
2	1624
2	1650
2	1655
2	1656
2	1664
2	1667
2	1668
2	1672
2	1677
2	1680
2	1682
2	1683
2	1688
2	1690
2	1693
2	1695
2	1701
2	1709
2	1711
2	1713
2	1714
2	1717
2	1722
2	1730
2	1733
2	1737
2	1740
2	1741
2	1743
2	1745
2	1746
2	1751
2	1753
2	1754
2	1775
2	1776
2	1780
2	1787
2	1789
2	1790
2	1794
2	1796
2	1802
2	1807
2	1811
2	1813
2	1818
2	1822
2	1824
2	1828
2	1832
2	1837
2	1841
2	1842
2	1848
2	1849
2	1856
2	1859
2	1861
2	1862
2	1865
2	1868
2	1870
2	1875
2	1883
2	1887
2	1888
2	1898
2	1908
2	1916
2	1920
2	1933
2	1957
2	1995
2	1998
2	2018
2	2021
2	2022
2	2027
2	2047
2	2051
2	2081
2	2082
2	2083
2	2087
2	2098
2	2110
2	2130
2	2134
2	2140
2	2146
2	2154
2	2157
2	2162
2	2174
2	2177
2	2189
2	2193
2	2197
2	2198
2	2200
2	2210
2	2224
2	2228
2	2231
2	2242
2	2246
2	2253
2	2256
2	2257
2	2258
2	2268
2	2276
2	2281
2	2285
2	2287
2	2294
2	2295
2	2297
2	2302
2	2305
2	2309
2	2311
2	2319
2	2320
2	2324
2	2335
2	2340
2	2343
2	2352
2	2361
2	2365
2	2369
2	2374
2	2388
2	2395
2	2397
2	2404
2	2405
2	2414
2	2420
2	2425
2	2430
2	2432
2	2433
2	2454
2	2456
2	2458
2	2460
2	2467
2	2475
2	2489
2	2491
2	2496
2	2499
2	2505
2	2517
2	2520
2	2522
2	2524
2	2526
2	2529
2	2533
2	2542
2	2552
2	2554
2	2556
2	2565
2	2574
2	2578
2	2581
2	2583
2	2594
2	2596
2	2606
2	2618
2	2624
2	2628
2	2631
2	2634
2	2637
2	2642
2	2650
2	2653
2	2656
2	2659
2	2668
2	2682
2	2692
2	2694
2	2706
2	2707
2	2715
2	2730
2	2731
2	2733
2	2738
2	2746
2	2747
2	2768
2	2775
2	2781
2	2800
2	2807
2	2823
2	2835
2	2840
2	2843
2	2868
2	2871
2	2873
2	2891
2	2898
2	2914
2	2919
2	2920
2	2922
2	2924
2	2926
2	2927
2	2931
2	2932
2	2937
2	2941
2	2942
2	2943
2	2947
2	2948
2	2957
2	2958
2	2959
2	2962
2	2967
2	2970
2	2971
2	2973
2	2974
2	2977
2	2978
2	2980
2	2981
2	2983
2	2984
2	2986
2	2988
2	2991
2	2993
2	2999
2	3000
2	3001
2	3003
2	3004
2	3008
2	3011
2	3013
2	3014
2	3015
2	3017
2	3018
2	3019
2	3020
2	3021
2	3025
2	3026
2	3028
2	3039
2	3048
2	3053
2	3070
2	3071
2	3083
2	3086
2	3093
2	3106
2	3159
2	3187
2	3188
2	3199
2	3251
2	3253
2	3277
2	3293
2	3297
2	3310
2	3323
2	3328
2	3340
2	3341
2	3347
2	3348
2	3350
2	3375
2	3376
2	3379
2	3393
2	3399
2	3403
2	3407
2	3415
2	3416
2	3426
2	3431
2	3446
2	3449
2	3450
2	3463
2	3477
2	3481
2	3484
2	3522
2	3542
2	3555
2	3581
2	3588
2	3609
2	3610
2	3646
2	3655
2	3656
2	3657
2	3676
2	3677
2	3683
2	3694
2	3702
2	3715
2	3721
2	3762
2	3777
2	3789
2	3827
2	3831
2	3842
2	3851
2	3860
2	3881
2	3890
2	3891
2	3896
2	3922
2	3944
2	3945
2	3957
2	3975
2	3988
2	3993
2	4001
2	4035
2	4037
2	4051
2	4059
2	4063
2	4073
2	4081
2	4082
2	4088
2	4100
2	4111
2	4119
2	4130
2	4140
2	4144
2	4165
2	4166
2	4183
2	4185
2	4271
2	4272
2	4298
2	4305
2	4313
2	4315
2	4341
2	4343
2	4352
2	4353
2	4380
2	4408
2	4413
2	4436
2	4443
2	4453
2	4456
2	4458
2	4468
2	4474
2	4476
2	4477
2	4485
2	4486
2	4492
2	4501
2	4506
2	4507
2	4512
2	4517
2	4555
2	4608
2	4611
2	4631
2	4665
2	4669
2	4735
2	4738
2	4766
2	4775
2	4813
2	4843
2	4849
2	4851
2	4852
2	4854
2	4873
2	4874
2	4878
2	4897
2	4906
2	4936
2	4966
2	4968
2	4971
2	4972
2	4981
2	4992
2	5028
2	5056
2	5057
2	5081
2	5091
2	5105
2	5115
2	5116
2	5117
2	5129
2	5139
2	5158
2	5169
2	5172
2	5215
2	5247
2	5251
2	5268
2	5283
2	5311
2	5317
2	5318
2	5334
2	5355
2	5366
2	5385
2	5390
2	5391
2	5393
2	5413
2	5422
2	5429
2	5463
2	5465
2	5495
2	5512
2	5515
2	5519
2	5524
2	5531
2	5545
2	5548
2	5552
2	5553
2	5562
2	5573
2	5575
2	5578
2	5591
2	5600
2	5623
2	5640
2	5663
2	5685
2	5693
2	5700
2	5725
2	5742
2	5745
2	5775
2	5795
2	5798
2	5818
2	5819
2	5820
2	5829
2	5833
2	5841
2	5842
2	5874
2	5888
2	5902
2	5916
2	5928
2	5957
2	5958
2	5959
2	5961
2	5964
2	5967
2	5975
2	6004
2	6008
2	6009
2	6012
2	6015
2	6022
2	6025
2	6027
2	6030
2	6039
2	6043
2	6061
2	6069
2	6103
2	6146
2	6147
2	6152
2	6154
2	6166
2	6175
2	6185
2	6188
2	6224
2	6254
2	6258
2	6280
2	6287
2	6315
2	6316
2	6317
2	6319
2	6332
2	6347
2	6351
2	6365
2	6418
2	6489
2	6491
2	6512
2	6577
2	6596
2	6606
2	6626
2	6633
2	6646
2	6655
2	6659
2	6661
2	6662
2	6670
2	6672
2	6673
2	6696
2	6700
2	6708
2	6751
2	6767
2	6797
2	6804
2	6806
2	6808
2	6809
2	6811
2	6818
2	6829
2	6836
2	6839
2	6841
2	6855
2	6860
2	6867
2	6881
2	6886
2	6895
2	6900
2	6908
2	6921
2	6930
2	6946
2	6959
2	6980
2	7014
2	7023
2	7047
2	7076
2	7077
2	7082
2	7086
2	7087
2	7094
2	7107
2	7110
2	7127
2	7128
2	7141
2	7154
2	7160
2	7161
2	7193
2	7194
2	7202
2	7203
2	7219
2	7225
2	7238
2	7257
2	7260
2	7261
2	7266
2	7268
2	7282
2	7308
2	7309
2	7318
2	7322
2	7327
2	7328
2	7347
2	7376
2	7384
2	7394
2	7397
2	7402
2	7420
2	7422
2	7431
2	7470
2	7513
2	7523
2	7525
2	7532
2	7547
2	7565
2	7585
2	7592
2	7599
2	7610
2	7613
2	7619
2	7621
2	7645
2	7653
2	7673
2	7674
2	7675
2	7700
2	7705
2	7720
2	7725
2	7735
2	7758
2	7768
2	7791
2	7818
2	7839
2	7844
2	7845
2	7848
2	7852
2	7854
2	7866
2	7870
2	7884
2	7887
2	7901
2	7949
2	7970
2	7977
2	7989
2	8005
2	8057
2	8068
2	8123
2	8138
2	8163
2	8164
2	8169
2	8177
2	8194
2	8227
2	8229
2	8240
2	8250
2	8251
2	8262
2	8264
2	8270
2	8305
2	8317
2	8323
2	8329
2	8331
2	8335
2	8356
2	8359
2	8404
2	8409
2	8413
2	8415
2	8422
2	8434
2	8501
2	8502
2	8524
2	8543
2	8551
2	8557
2	8568
2	8574
2	8577
2	8624
2	8633
2	8645
2	8648
2	8672
2	8681
2	8682
2	8685
2	8688
2	8704
2	8708
2	8709
2	8787
2	8794
2	8811
2	8823
2	8828
2	8844
2	8856
2	8862
2	8873
2	8878
2	8933
2	8945
2	8949
2	8997
2	9001
2	9012
2	9016
2	9029
2	9037
2	9051
2	9059
2	9096
2	9115
2	9118
2	9153
2	9155
2	9156
2	9164
2	9180
2	9183
2	9199
2	9200
2	9204
2	9211
2	9221
2	9226
2	9264
2	9266
2	9304
2	9319
2	9336
2	9346
2	9353
2	9359
2	9368
2	9385
2	9387
2	9388
2	9393
2	9400
2	9411
2	9459
2	9485
2	9513
2	9515
2	9516
2	9525
2	9542
2	9559
2	9567
2	9569
2	9613
2	9629
2	9642
2	9648
2	9679
2	9724
2	9725
2	9728
2	9744
2	9745
2	9764
2	9765
2	9781
2	9818
2	9838
2	9839
2	9854
2	9855
2	9860
2	9864
2	9869
2	9874
2	9903
2	9906
2	9932
2	9936
2	9949
2	9979
2	9984
2	10002
2	10003
2	10011
2	10029
2	10030
2	10035
2	10046
2	10053
2	10054
2	10101
2	10104
2	10115
2	10133
2	10144
2	10175
2	10182
2	10185
2	10198
2	10204
2	10222
2	10225
2	10226
2	10246
2	10254
2	10312
2	10314
2	10333
2	10337
2	10339
2	10366
2	10400
2	10408
2	10413
2	10430
2	10445
2	10446
2	10451
2	10477
2	10546
2	10548
2	10552
2	10564
2	10569
2	10579
2	10589
2	10590
2	10618
2	10640
2	10659
2	10673
2	10679
2	10684
2	10688
2	10691
2	10700
2	10731
2	10795
2	10798
2	10807
2	10817
2	10818
2	10837
2	10840
2	10852
2	10858
2	10860
2	10873
2	10925
2	10959
2	10960
2	10967
2	10982
2	11027
2	11029
2	11034
2	11035
2	11050
2	11067
2	11091
2	11093
2	11095
2	11108
2	11112
2	11128
2	11133
2	11146
2	11153
2	11185
2	11195
2	11196
2	11216
2	11227
2	11271
2	11274
2	11303
2	11309
2	11321
2	11331
2	11332
2	11339
2	11370
2	11382
2	11383
2	11429
2	11445
2	11453
2	11457
2	11479
2	11482
2	11484
2	11487
2	11500
2	11501
2	11519
2	11537
2	11544
2	11561
2	11578
2	11579
2	11580
2	11587
2	11588
2	11592
2	11593
2	11603
2	11609
2	11625
2	11659
2	11667
2	11721
2	11722
2	11728
2	11742
2	11773
2	11777
2	11824
2	11871
2	11883
2	11886
2	11905
2	11906
2	11907
2	11925
2	11933
2	11940
2	12002
2	12006
2	12008
2	12044
2	12069
2	12155
2	12204
2	12221
2	12241
2	12254
2	12266
2	12275
2	12276
2	12279
2	12321
2	12323
2	12335
2	12336
2	12339
2	12347
2	12354
2	12358
2	12378
2	12389
2	12409
2	12435
2	12438
2	12445
2	12468
2	12477
2	12479
2	12492
2	12493
2	12494
2	12495
2	12497
2	12500
2	12502
2	12503
2	12504
2	12505
2	12506
2	12507
2	12508
2	12509
2	12513
2	12514
2	12517
2	12518
2	12519
2	12521
2	12522
2	12523
2	12525
2	12526
2	12529
2	12530
2	12531
2	12532
2	12535
2	12536
2	12538
2	12542
2	12543
2	12544
2	12545
2	12546
2	12547
2	12548
2	12549
2	12550
2	12552
2	12553
2	12555
2	12557
2	12558
2	12559
2	12560
2	12561
2	12562
2	12565
2	12566
2	12569
2	12571
2	12572
2	12573
2	12575
2	12576
2	12577
2	12579
2	12580
2	12581
2	12582
2	12587
2	12588
2	12589
2	12590
2	12591
2	12592
2	12593
2	12595
2	12596
2	12597
2	12599
2	12600
2	12601
2	12602
2	12604
2	12605
2	12607
2	12608
2	12609
2	12610
2	12612
2	12613
2	12615
2	12616
2	12618
2	12620
2	12631
2	12639
2	12642
2	12651
2	12657
2	12681
2	12682
2	12686
2	12699
2	12705
2	12708
2	12724
2	12751
2	12756
2	12760
2	12764
2	12778
2	12800
2	12809
2	12816
2	12824
2	12830
2	12833
2	12842
2	12843
2	12856
2	12859
2	12864
2	12882
2	12883
2	12891
2	12907
2	12910
2	12932
2	12938
2	12945
2	12980
2	12990
2	13000
2	13008
2	13024
2	13030
2	13045
2	13052
2	13055
2	13058
3	3
3	8
3	10
3	11
3	20
3	36
3	38
3	58
3	62
3	80
3	98
3	106
3	115
3	119
3	124
3	143
3	155
3	168
3	180
3	192
3	210
3	214
3	215
3	217
3	220
3	223
3	242
3	254
3	262
3	274
3	276
3	278
3	281
3	291
3	311
3	321
3	323
3	354
3	357
3	359
3	361
3	362
3	367
3	369
3	381
3	393
3	396
3	400
3	406
3	413
3	414
3	415
3	416
3	445
3	455
3	456
3	497
3	509
3	514
3	517
3	527
3	529
3	533
3	536
3	542
3	548
3	553
3	554
3	556
3	559
3	570
3	611
3	652
3	655
3	668
3	675
3	682
3	692
3	702
3	715
3	734
3	777
3	780
3	811
3	815
3	832
3	833
3	844
3	845
3	849
3	862
3	870
3	941
3	957
3	968
3	978
3	980
3	985
3	1001
3	1004
3	1009
3	1016
3	1024
3	1040
3	1043
3	1049
3	1053
3	1057
3	1058
3	1064
3	1088
3	1094
3	1099
3	1100
3	1101
3	1104
3	1107
3	1135
3	1137
3	1139
3	1151
3	1153
3	1154
3	1157
3	1171
3	1173
3	1196
3	1216
3	1218
3	1231
3	1239
3	1242
3	1286
3	1287
3	1292
3	1307
3	1309
3	1318
3	1325
3	1326
3	1359
3	1364
3	1382
3	1393
3	1396
3	1408
3	1420
3	1424
3	1430
3	1458
3	1469
3	1476
3	1480
3	1483
3	1492
3	1498
3	1509
3	1514
3	1516
3	1522
3	1527
3	1552
3	1570
3	1600
3	1603
3	1616
3	1625
3	1629
3	1644
3	1652
3	1654
3	1669
3	1675
3	1684
3	1698
3	1702
3	1705
3	1708
3	1725
3	1728
3	1736
3	1750
3	1757
3	1759
3	1763
3	1773
3	1785
3	1792
3	1795
3	1800
3	1808
3	1816
3	1817
3	1820
3	1851
3	1866
3	1874
3	1877
3	1881
3	1885
3	1919
3	1927
3	1935
3	1955
3	1969
3	1981
3	1996
3	2000
3	2003
3	2009
3	2012
3	2026
3	2041
3	2044
3	2052
3	2056
3	2061
3	2064
3	2071
3	2080
3	2086
3	2090
3	2099
3	2105
3	2106
3	2108
3	2117
3	2119
3	2123
3	2124
3	2141
3	2145
3	2149
3	2156
3	2175
3	2178
3	2185
3	2223
3	2229
3	2230
3	2234
3	2237
3	2241
3	2251
3	2255
3	2262
3	2269
3	2293
3	2303
3	2310
3	2316
3	2317
3	2327
3	2348
3	2353
3	2359
3	2360
3	2366
3	2376
3	2382
3	2390
3	2403
3	2415
3	2417
3	2434
3	2446
3	2447
3	2470
3	2473
3	2476
3	2483
3	2495
3	2504
3	2521
3	2525
3	2527
3	2539
3	2548
3	2560
3	2622
3	2630
3	2643
3	2648
3	2664
3	2677
3	2709
3	2761
3	2767
3	2779
3	2788
3	2789
3	2808
3	2814
3	2824
3	2836
3	2860
3	2864
3	2865
3	2904
3	2907
3	2921
3	2939
3	2949
3	2950
3	2951
3	2953
3	2966
3	2968
3	2990
3	2996
3	3005
3	3007
3	3029
3	3043
3	3050
3	3073
3	3085
3	3092
3	3101
3	3102
3	3107
3	3115
3	3120
3	3139
3	3141
3	3143
3	3220
3	3238
3	3240
3	3241
3	3257
3	3258
3	3259
3	3260
3	3261
3	3262
3	3265
3	3352
3	3367
3	3368
3	3381
3	3394
3	3395
3	3404
3	3425
3	3432
3	3439
3	3440
3	3441
3	3464
3	3482
3	3502
3	3520
3	3521
3	3541
3	3562
3	3596
3	3608
3	3659
3	3660
3	3668
3	3686
3	3687
3	3688
3	3691
3	3692
3	3693
3	3722
3	3724
3	3741
3	3753
3	3772
3	3773
3	3774
3	3775
3	3776
3	3795
3	3830
3	3836
3	3850
3	3863
3	3887
3	3916
3	3951
3	3952
3	3954
3	3987
3	3990
3	3992
3	4007
3	4010
3	4044
3	4090
3	4107
3	4180
3	4187
3	4202
3	4205
3	4207
3	4208
3	4209
3	4225
3	4231
3	4240
3	4242
3	4247
3	4252
3	4254
3	4256
3	4268
3	4303
3	4308
3	4331
3	4336
3	4337
3	4342
3	4360
3	4373
3	4374
3	4375
3	4382
3	4383
3	4384
3	4385
3	4386
3	4387
3	4389
3	4391
3	4412
3	4419
3	4421
3	4428
3	4449
3	4463
3	4487
3	4503
3	4504
3	4524
3	4533
3	4535
3	4556
3	4557
3	4570
3	4589
3	4590
3	4591
3	4592
3	4593
3	4594
3	4601
3	4622
3	4623
3	4624
3	4626
3	4627
3	4658
3	4667
3	4674
3	4682
3	4706
3	4724
3	4729
3	4733
3	4734
3	4736
3	4762
3	4763
3	4764
3	4765
3	4780
3	4815
3	4817
3	4822
3	4859
3	4871
3	4900
3	4916
3	4919
3	4977
3	4984
3	4997
3	5016
3	5034
3	5043
3	5044
3	5045
3	5046
3	5074
3	5076
3	5083
3	5112
3	5124
3	5126
3	5153
3	5154
3	5164
3	5194
3	5202
3	5203
3	5204
3	5208
3	5234
3	5236
3	5245
3	5266
3	5267
3	5302
3	5313
3	5336
3	5347
3	5358
3	5359
3	5365
3	5369
3	5370
3	5377
3	5378
3	5387
3	5412
3	5421
3	5431
3	5435
3	5436
3	5439
3	5452
3	5467
3	5471
3	5473
3	5474
3	5475
3	5484
3	5490
3	5491
3	5494
3	5513
3	5516
3	5529
3	5549
3	5559
3	5570
3	5571
3	5585
3	5625
3	5629
3	5632
3	5651
3	5652
3	5690
3	5696
3	5698
3	5701
3	5704
3	5722
3	5729
3	5740
3	5753
3	5790
3	5800
3	5801
3	5802
3	5803
3	5804
3	5806
3	5808
3	5809
3	5813
3	5824
3	5825
3	5826
3	5827
3	5835
3	5880
3	5884
3	5887
3	5904
3	5918
3	5930
3	5936
3	5944
3	5991
3	5993
3	5998
3	6007
3	6013
3	6017
3	6029
3	6031
3	6032
3	6035
3	6037
3	6042
3	6047
3	6048
3	6049
3	6050
3	6051
3	6052
3	6114
3	6135
3	6139
3	6203
3	6208
3	6209
3	6222
3	6230
3	6233
3	6247
3	6252
3	6259
3	6271
3	6293
3	6295
3	6318
3	6325
3	6327
3	6328
3	6329
3	6330
3	6331
3	6348
3	6357
3	6359
3	6360
3	6363
3	6431
3	6437
3	6441
3	6443
3	6451
3	6478
3	6483
3	6496
3	6546
3	6547
3	6553
3	6555
3	6556
3	6561
3	6566
3	6595
3	6610
3	6619
3	6648
3	6656
3	6658
3	6674
3	6675
3	6683
3	6684
3	6685
3	6689
3	6710
3	6716
3	6735
3	6738
3	6740
3	6741
3	6750
3	6758
3	6769
3	6773
3	6781
3	6800
3	6823
3	6864
3	6865
3	6899
3	6902
3	6907
3	6920
3	6929
3	6933
3	6936
3	6944
3	6985
3	6986
3	7010
3	7011
3	7012
3	7015
3	7016
3	7036
3	7045
3	7054
3	7065
3	7066
3	7069
3	7070
3	7093
3	7095
3	7097
3	7098
3	7117
3	7123
3	7136
3	7145
3	7150
3	7152
3	7157
3	7174
3	7178
3	7205
3	7213
3	7237
3	7251
3	7270
3	7302
3	7303
3	7305
3	7307
3	7313
3	7323
3	7349
3	7352
3	7355
3	7365
3	7389
3	7391
3	7392
3	7393
3	7399
3	7403
3	7440
3	7451
3	7510
3	7511
3	7518
3	7524
3	7543
3	7557
3	7567
3	7588
3	7601
3	7609
3	7614
3	7625
3	7628
3	7652
3	7685
3	7691
3	7701
3	7708
3	7722
3	7724
3	7727
3	7736
3	7740
3	7748
3	7770
3	7772
3	7773
3	7780
3	7784
3	7796
3	7802
3	7804
3	7805
3	7806
3	7807
3	7808
3	7810
3	7827
3	7828
3	7833
3	7846
3	7856
3	7867
3	7876
3	7877
3	7878
3	7902
3	7904
3	7911
3	7912
3	7916
3	7918
3	7919
3	7926
3	7930
3	7938
3	7939
3	8001
3	8028
3	8029
3	8047
3	8077
3	8079
3	8091
3	8100
3	8116
3	8117
3	8128
3	8135
3	8139
3	8141
3	8142
3	8143
3	8149
3	8161
3	8162
3	8167
3	8172
3	8223
3	8230
3	8232
3	8233
3	8234
3	8236
3	8263
3	8265
3	8266
3	8267
3	8281
3	8284
3	8286
3	8304
3	8311
3	8327
3	8334
3	8336
3	8337
3	8338
3	8340
3	8346
3	8352
3	8398
3	8407
3	8410
3	8411
3	8412
3	8414
3	8418
3	8421
3	8425
3	8452
3	8458
3	8476
3	8477
3	8480
3	8481
3	8483
3	8484
3	8499
3	8520
3	8521
3	8546
3	8550
3	8552
3	8554
3	8573
3	8580
3	8582
3	8603
3	8607
3	8609
3	8613
3	8616
3	8638
3	8651
3	8656
3	8684
3	8687
3	8715
3	8717
3	8722
3	8727
3	8739
3	8741
3	8747
3	8749
3	8765
3	8784
3	8785
3	8798
3	8806
3	8835
3	8836
3	8850
3	8859
3	8861
3	8874
3	8875
3	8876
3	8893
3	8925
3	8929
3	8957
3	8958
3	8959
3	9003
3	9027
3	9058
3	9060
3	9082
3	9097
3	9098
3	9120
3	9136
3	9158
3	9198
3	9214
3	9251
3	9253
3	9255
3	9256
3	9263
3	9268
3	9271
3	9272
3	9274
3	9275
3	9276
3	9277
3	9303
3	9323
3	9326
3	9327
3	9330
3	9333
3	9334
3	9335
3	9344
3	9360
3	9367
3	9371
3	9372
3	9389
3	9417
3	9421
3	9428
3	9435
3	9467
3	9476
3	9480
3	9484
3	9488
3	9489
3	9490
3	9512
3	9530
3	9584
3	9585
3	9633
3	9663
3	9676
3	9709
3	9732
3	9738
3	9739
3	9740
3	9741
3	9742
3	9743
3	9746
3	9749
3	9757
3	9762
3	9782
3	9797
3	9799
3	9810
3	9819
3	9820
3	9821
3	9822
3	9823
3	9851
3	9857
3	9866
3	9867
3	9881
3	9904
3	9905
3	9943
3	9983
3	9985
3	9986
3	9988
3	9994
3	9995
3	9996
3	10000
3	10006
3	10007
3	10048
3	10094
3	10095
3	10096
3	10112
3	10129
3	10135
3	10137
3	10139
3	10140
3	10145
3	10146
3	10147
3	10164
3	10212
3	10215
3	10261
3	10277
3	10319
3	10386
3	10398
3	10399
3	10402
3	10424
3	10428
3	10431
3	10432
3	10437
3	10438
3	10442
3	10475
3	10481
3	10482
3	10484
3	10490
3	10498
3	10499
3	10500
3	10642
3	10643
3	10644
3	10650
3	10653
3	10657
3	10668
3	10680
3	10727
3	10732
3	10737
3	10742
3	10743
3	10763
3	10768
3	10769
3	10771
3	10776
3	10777
3	10785
3	10808
3	10810
3	10811
3	10812
3	10856
3	10857
3	10874
3	10892
3	10934
3	10935
3	10939
3	10940
3	10943
3	10956
3	10961
3	10962
3	10963
3	10964
3	10965
3	10985
3	10997
3	11010
3	11012
3	11013
3	11014
3	11020
3	11023
3	11030
3	11036
3	11039
3	11059
3	11060
3	11062
3	11074
3	11082
3	11084
3	11098
3	11104
3	11105
3	11116
3	11119
3	11147
3	11184
3	11201
3	11202
3	11212
3	11244
3	11265
3	11267
3	11282
3	11306
3	11334
3	11341
3	11359
3	11371
3	11372
3	11374
3	11426
3	11442
3	11469
3	11486
3	11490
3	11491
3	11492
3	11493
3	11494
3	11495
3	11496
3	11570
3	11574
3	11605
3	11611
3	11616
3	11617
3	11618
3	11619
3	11626
3	11636
3	11637
3	11648
3	11656
3	11658
3	11672
3	11716
3	11725
3	11745
3	11746
3	11747
3	11761
3	11772
3	11774
3	11780
3	11781
3	11787
3	11793
3	11800
3	11801
3	11804
3	11811
3	11813
3	11828
3	11839
3	11846
3	11849
3	11850
3	11866
3	11885
3	11896
3	11937
3	11938
3	11946
3	11954
3	11959
3	11962
3	11973
3	11982
3	11983
3	11987
3	11994
3	12025
3	12026
3	12027
3	12040
3	12057
3	12066
3	12077
3	12102
3	12132
3	12135
3	12137
3	12172
3	12180
3	12189
3	12211
3	12235
3	12257
3	12280
3	12289
3	12305
3	12310
3	12338
3	12348
3	12349
3	12352
3	12357
3	12368
3	12370
3	12373
3	12374
3	12411
3	12414
3	12431
3	12441
3	12496
3	12527
3	12539
3	12540
3	12570
3	12583
3	12606
3	12619
3	12624
3	12627
3	12630
3	12634
3	12638
3	12640
3	12645
3	12649
3	12663
3	12677
3	12679
3	12707
3	12709
3	12721
3	12738
3	12739
3	12752
3	12761
3	12772
3	12787
3	12789
3	12828
3	12832
3	12874
3	12877
3	12900
3	12911
3	12920
3	12922
3	12924
3	12931
3	12934
3	12936
3	12947
3	12959
3	12973
3	12982
3	12984
3	13010
3	13033
3	13046
3	13060
3	13064
4	1
4	22
4	26
4	27
4	75
4	86
4	122
4	126
4	129
4	139
4	141
4	186
4	277
4	280
4	360
4	378
4	386
4	417
4	443
4	451
4	476
4	478
4	515
4	530
4	551
4	566
4	589
4	620
4	730
4	767
4	838
4	842
4	904
4	931
4	940
4	961
4	1266
4	1301
4	1314
4	1431
4	1465
4	1542
4	1556
4	1575
4	1676
4	1718
4	1835
4	1854
4	1901
4	1934
4	1940
4	1945
4	1948
4	1958
4	1974
4	1976
4	2006
4	2013
4	2015
4	2155
4	2158
4	2161
4	2182
4	2183
4	2199
4	2201
4	2204
4	2206
4	2208
4	2212
4	2213
4	2227
4	2233
4	2235
4	2244
4	2245
4	2249
4	2250
4	2252
4	2259
4	2261
4	2263
4	2264
4	2296
4	2299
4	2301
4	2308
4	2323
4	2332
4	2337
4	2341
4	2351
4	2357
4	2358
4	2370
4	2380
4	2392
4	2393
4	2394
4	2406
4	2409
4	2416
4	2424
4	2426
4	2429
4	2441
4	2448
4	2455
4	2463
4	2468
4	2541
4	2572
4	2601
4	2660
4	2693
4	2749
4	2766
4	2828
4	3006
4	3033
4	3035
4	3038
4	3040
4	3051
4	3054
4	3058
4	3062
4	3063
4	3064
4	3065
4	3068
4	3096
4	3097
4	3104
4	3129
4	3132
4	3144
4	3149
4	3150
4	3151
4	3153
4	3180
4	3181
4	3197
4	3201
4	3202
4	3204
4	3221
4	3225
4	3227
4	3228
4	3229
4	3230
4	3231
4	3255
4	3266
4	3268
4	3269
4	3271
4	3279
4	3287
4	3301
4	3314
4	3317
4	3318
4	3337
4	3343
4	3354
4	3364
4	3366
4	3369
4	3370
4	3371
4	3372
4	3377
4	3378
4	3380
4	3384
4	3386
4	3387
4	3389
4	3400
4	3405
4	3421
4	3445
4	3465
4	3472
4	3473
4	3475
4	3485
4	3492
4	3493
4	3494
4	3510
4	3511
4	3527
4	3529
4	3549
4	3558
4	3566
4	3568
4	3569
4	3577
4	3582
4	3585
4	3593
4	3615
4	3619
4	3620
4	3622
4	3624
4	3634
4	3635
4	3641
4	3649
4	3653
4	3661
4	3667
4	3672
4	3678
4	3680
4	3716
4	3730
4	3731
4	3732
4	3733
4	3734
4	3735
4	3747
4	3749
4	3752
4	3755
4	3758
4	3761
4	3783
4	3790
4	3793
4	3794
4	3807
4	3821
4	3829
4	3843
4	3858
4	3879
4	3889
4	3892
4	3902
4	3905
4	3906
4	3913
4	3914
4	3915
4	3917
4	3918
4	3919
4	3930
4	3931
4	3933
4	3934
4	3935
4	3936
4	3940
4	3949
4	3964
4	3965
4	3966
4	3976
4	3985
4	3998
4	4012
4	4014
4	4019
4	4020
4	4024
4	4028
4	4039
4	4040
4	4045
4	4053
4	4055
4	4057
4	4058
4	4072
4	4096
4	4099
4	4113
4	4114
4	4116
4	4118
4	4123
4	4126
4	4128
4	4133
4	4134
4	4146
4	4150
4	4151
4	4154
4	4169
4	4171
4	4174
4	4178
4	4182
4	4198
4	4211
4	4212
4	4223
4	4227
4	4235
4	4236
4	4239
4	4241
4	4253
4	4266
4	4267
4	4269
4	4288
4	4296
4	4297
4	4310
4	4348
4	4350
4	4362
4	4369
4	4372
4	4392
4	4397
4	4405
4	4411
4	4451
4	4459
4	4460
4	4464
4	4494
4	4495
4	4496
4	4497
4	4498
4	4499
4	4502
4	4513
4	4518
4	4520
4	4522
4	4525
4	4539
4	4547
4	4558
4	4568
4	4572
4	4579
4	4580
4	4581
4	4588
4	4613
4	4617
4	4621
4	4632
4	4644
4	4647
4	4648
4	4651
4	4652
4	4653
4	4659
4	4660
4	4661
4	4676
4	4677
4	4680
4	4690
4	4702
4	4707
4	4710
4	4712
4	4728
4	4759
4	4770
4	4778
4	4784
4	4797
4	4802
4	4821
4	4826
4	4829
4	4837
4	4864
4	4868
4	4875
4	4876
4	4879
4	4880
4	4881
4	4883
4	4898
4	4902
4	4907
4	4908
4	4910
4	4914
4	4917
4	4920
4	4922
4	4931
4	4935
4	4941
4	4949
4	4950
4	4952
4	4969
4	4996
4	5017
4	5018
4	5020
4	5021
4	5023
4	5024
4	5037
4	5051
4	5058
4	5060
4	5064
4	5065
4	5066
4	5069
4	5073
4	5085
4	5087
4	5094
4	5150
4	5152
4	5156
4	5163
4	5170
4	5195
4	5201
4	5206
4	5207
4	5233
4	5238
4	5242
4	5256
4	5258
4	5259
4	5262
4	5279
4	5287
4	5288
4	5297
4	5309
4	5315
4	5325
4	5339
4	5341
4	5344
4	5372
4	5399
4	5404
4	5406
4	5414
4	5442
4	5445
4	5448
4	5449
4	5450
4	5453
4	5454
4	5455
4	5461
4	5481
4	5485
4	5486
4	5504
4	5507
4	5521
4	5522
4	5523
4	5543
4	5554
4	5569
4	5574
4	5581
4	5595
4	5597
4	5599
4	5618
4	5619
4	5621
4	5628
4	5633
4	5636
4	5642
4	5645
4	5646
4	5653
4	5654
4	5665
4	5671
4	5672
4	5673
4	5681
4	5684
4	5705
4	5706
4	5707
4	5719
4	5720
4	5739
4	5747
4	5750
4	5751
4	5752
4	5763
4	5785
4	5786
4	5810
4	5812
4	5814
4	5837
4	5849
4	5852
4	5862
4	5869
4	5872
4	5873
4	5876
4	5877
4	5879
4	5893
4	5894
4	5896
4	5899
4	5935
4	5951
4	5953
4	5954
4	5979
4	5980
4	5984
4	5992
4	5999
4	6001
4	6003
4	6038
4	6040
4	6045
4	6046
4	6058
4	6072
4	6073
4	6084
4	6087
4	6091
4	6095
4	6108
4	6128
4	6133
4	6140
4	6141
4	6142
4	6164
4	6183
4	6198
4	6201
4	6207
4	6211
4	6212
4	6214
4	6217
4	6225
4	6234
4	6241
4	6243
4	6253
4	6257
4	6270
4	6275
4	6277
4	6279
4	6281
4	6286
4	6288
4	6301
4	6302
4	6307
4	6308
4	6313
4	6314
4	6321
4	6322
4	6333
4	6368
4	6370
4	6372
4	6375
4	6377
4	6383
4	6384
4	6385
4	6393
4	6396
4	6399
4	6400
4	6427
4	6434
4	6435
4	6438
4	6439
4	6444
4	6448
4	6457
4	6463
4	6484
4	6488
4	6492
4	6495
4	6498
4	6503
4	6508
4	6509
4	6510
4	6525
4	6526
4	6539
4	6548
4	6570
4	6574
4	6584
4	6593
4	6603
4	6604
4	6605
4	6607
4	6611
4	6613
4	6615
4	6635
4	6636
4	6637
4	6638
4	6640
4	6642
4	6647
4	6679
4	6680
4	6687
4	6697
4	6714
4	6715
4	6718
4	6727
4	6733
4	6736
4	6745
4	6766
4	6807
4	6830
4	6853
4	6861
4	6872
4	6873
4	6896
4	6897
4	6909
4	6932
4	6954
4	6976
4	6984
4	6989
4	7003
4	7005
4	7007
4	7021
4	7028
4	7029
4	7034
4	7035
4	7037
4	7038
4	7040
4	7041
4	7046
4	7051
4	7071
4	7073
4	7079
4	7089
4	7100
4	7104
4	7115
4	7116
4	7131
4	7134
4	7135
4	7140
4	7147
4	7155
4	7156
4	7177
4	7184
4	7196
4	7197
4	7207
4	7209
4	7210
4	7227
4	7230
4	7242
4	7246
4	7247
4	7248
4	7250
4	7253
4	7267
4	7280
4	7283
4	7284
4	7287
4	7288
4	7291
4	7292
4	7299
4	7301
4	7304
4	7333
4	7334
4	7335
4	7341
4	7344
4	7354
4	7367
4	7368
4	7369
4	7371
4	7372
4	7373
4	7387
4	7388
4	7395
4	7396
4	7406
4	7411
4	7413
4	7433
4	7463
4	7464
4	7469
4	7473
4	7487
4	7489
4	7491
4	7493
4	7494
4	7495
4	7496
4	7499
4	7502
4	7522
4	7526
4	7529
4	7533
4	7536
4	7538
4	7540
4	7541
4	7550
4	7563
4	7566
4	7571
4	7573
4	7574
4	7575
4	7580
4	7581
4	7583
4	7605
4	7629
4	7637
4	7646
4	7656
4	7692
4	7696
4	7697
4	7703
4	7710
4	7729
4	7737
4	7738
4	7741
4	7746
4	7753
4	7754
4	7759
4	7764
4	7767
4	7774
4	7775
4	7779
4	7782
4	7803
4	7815
4	7823
4	7825
4	7826
4	7829
4	7855
4	7882
4	7893
4	7923
4	7924
4	7925
4	7929
4	7935
4	7952
4	7954
4	7956
4	7958
4	7963
4	7981
4	7987
4	8008
4	8012
4	8014
4	8027
4	8030
4	8038
4	8039
4	8044
4	8053
4	8055
4	8059
4	8065
4	8071
4	8073
4	8093
4	8101
4	8111
4	8118
4	8125
4	8126
4	8134
4	8154
4	8168
4	8185
4	8195
4	8199
4	8200
4	8204
4	8206
4	8207
4	8208
4	8209
4	8213
4	8221
4	8225
4	8245
4	8272
4	8292
4	8293
4	8309
4	8312
4	8318
4	8321
4	8363
4	8364
4	8367
4	8370
4	8394
4	8400
4	8405
4	8446
4	8449
4	8451
4	8453
4	8454
4	8464
4	8465
4	8466
4	8467
4	8472
4	8494
4	8498
4	8506
4	8509
4	8517
4	8523
4	8529
4	8534
4	8535
4	8538
4	8545
4	8559
4	8563
4	8564
4	8575
4	8578
4	8579
4	8586
4	8588
4	8593
4	8594
4	8595
4	8597
4	8598
4	8600
4	8602
4	8604
4	8635
4	8644
4	8647
4	8649
4	8650
4	8661
4	8664
4	8670
4	8696
4	8710
4	8711
4	8713
4	8731
4	8735
4	8745
4	8754
4	8768
4	8771
4	8797
4	8799
4	8800
4	8804
4	8807
4	8808
4	8816
4	8818
4	8826
4	8848
4	8867
4	8870
4	8871
4	8894
4	8895
4	8897
4	8902
4	8904
4	8918
4	8922
4	8924
4	8932
4	8948
4	8956
4	8971
4	8975
4	8982
4	8983
4	8984
4	8989
4	9005
4	9020
4	9031
4	9048
4	9056
4	9061
4	9063
4	9089
4	9090
4	9092
4	9094
4	9101
4	9102
4	9109
4	9112
4	9113
4	9125
4	9126
4	9127
4	9128
4	9163
4	9166
4	9167
4	9172
4	9178
4	9182
4	9190
4	9193
4	9217
4	9218
4	9222
4	9229
4	9235
4	9244
4	9249
4	9252
4	9258
4	9259
4	9265
4	9278
4	9287
4	9300
4	9310
4	9311
4	9364
4	9381
4	9382
4	9424
4	9425
4	9426
4	9436
4	9437
4	9443
4	9444
4	9457
4	9474
4	9475
4	9535
4	9538
4	9544
4	9546
4	9563
4	9564
4	9573
4	9581
4	9582
4	9601
4	9604
4	9607
4	9620
4	9626
4	9631
4	9636
4	9637
4	9656
4	9657
4	9665
4	9680
4	9697
4	9703
4	9708
4	9710
4	9713
4	9717
4	9719
4	9733
4	9734
4	9796
4	9800
4	9812
4	9825
4	9863
4	9868
4	9871
4	9872
4	9882
4	9889
4	9891
4	9892
4	9893
4	9933
4	9937
4	9940
4	9941
4	9942
4	9945
4	9950
4	9951
4	9961
4	9962
4	9966
4	9975
4	9980
4	9997
4	9999
4	10034
4	10036
4	10038
4	10045
4	10047
4	10057
4	10061
4	10080
4	10089
4	10100
4	10119
4	10120
4	10121
4	10122
4	10124
4	10125
4	10126
4	10131
4	10132
4	10160
4	10162
4	10166
4	10167
4	10170
4	10184
4	10186
4	10187
4	10189
4	10193
4	10194
4	10196
4	10200
4	10201
4	10202
4	10221
4	10232
4	10244
4	10245
4	10267
4	10289
4	10290
4	10295
4	10299
4	10300
4	10320
4	10335
4	10347
4	10348
4	10351
4	10370
4	10375
4	10376
4	10379
4	10380
4	10381
4	10383
4	10384
4	10388
4	10403
4	10405
4	10419
4	10426
4	10455
4	10458
4	10459
4	10462
4	10463
4	10469
4	10508
4	10512
4	10516
4	10526
4	10529
4	10540
4	10541
4	10580
4	10581
4	10615
4	10626
4	10628
4	10632
4	10656
4	10666
4	10669
4	10675
4	10681
4	10686
4	10695
4	10699
4	10705
4	10706
4	10711
4	10734
4	10744
4	10747
4	10748
4	10752
4	10753
4	10773
4	10778
4	10779
4	10788
4	10789
4	10805
4	10821
4	10826
4	10827
4	10836
4	10847
4	10863
4	10865
4	10869
4	10885
4	10886
4	10895
4	10898
4	10916
4	10924
4	10941
4	10942
4	10970
4	10978
4	10987
4	10988
4	10990
4	10991
4	10995
4	11000
4	11006
4	11028
4	11037
4	11041
4	11058
4	11063
4	11100
4	11122
4	11142
4	11155
4	11156
4	11161
4	11163
4	11172
4	11176
4	11178
4	11180
4	11186
4	11194
4	11205
4	11207
4	11208
4	11210
4	11235
4	11236
4	11247
4	11248
4	11250
4	11251
4	11252
4	11257
4	11266
4	11288
4	11317
4	11324
4	11335
4	11362
4	11363
4	11367
4	11377
4	11378
4	11387
4	11396
4	11399
4	11401
4	11403
4	11410
4	11411
4	11412
4	11413
4	11428
4	11431
4	11433
4	11434
4	11449
4	11452
4	11463
4	11473
4	11474
4	11477
4	11480
4	11481
4	11504
4	11510
4	11512
4	11515
4	11535
4	11536
4	11548
4	11550
4	11553
4	11554
4	11556
4	11559
4	11566
4	11589
4	11591
4	11595
4	11601
4	11612
4	11613
4	11620
4	11632
4	11640
4	11641
4	11642
4	11643
4	11644
4	11649
4	11660
4	11664
4	11666
4	11671
4	11689
4	11697
4	11711
4	11751
4	11753
4	11756
4	11757
4	11770
4	11795
4	11802
4	11814
4	11827
4	11842
4	11848
4	11851
4	11852
4	11857
4	11864
4	11878
4	11904
4	11918
4	11919
4	11921
4	11947
4	11952
4	11953
4	11960
4	11965
4	11968
4	11971
4	12003
4	12004
4	12019
4	12021
4	12030
4	12031
4	12036
4	12048
4	12049
4	12054
4	12055
4	12059
4	12070
4	12088
4	12096
4	12123
4	12124
4	12125
4	12129
4	12130
4	12181
4	12182
4	12183
4	12188
4	12191
4	12194
4	12195
4	12210
4	12218
4	12227
4	12229
4	12238
4	12247
4	12253
4	12272
4	12304
4	12306
4	12307
4	12308
4	12309
4	12312
4	12313
4	12316
4	12331
4	12341
4	12342
4	12363
4	12394
4	12395
4	12401
4	12402
4	12408
4	12417
4	12426
4	12428
4	12429
4	12430
4	12449
4	12451
4	12457
4	12458
4	12460
4	12462
4	12476
4	12487
4	12528
4	12635
4	12641
4	12658
4	12665
4	12668
4	12672
4	12673
4	12676
4	12683
4	12684
4	12688
4	12691
4	12695
4	12701
4	12703
4	12717
4	12722
4	12731
4	12737
4	12744
4	12755
4	12762
4	12763
4	12766
4	12767
4	12768
4	12773
4	12774
4	12776
4	12783
4	12791
4	12795
4	12798
4	12802
4	12804
4	12805
4	12806
4	12807
4	12820
4	12821
4	12826
4	12827
4	12829
4	12834
4	12836
4	12841
4	12847
4	12848
4	12851
4	12857
4	12860
4	12861
4	12862
4	12866
4	12870
4	12871
4	12873
4	12876
4	12884
4	12885
4	12893
4	12909
4	12914
4	12917
4	12923
4	12926
4	12928
4	12933
4	12942
4	12948
4	12950
4	12951
4	12952
4	12954
4	12972
4	12976
4	12987
4	13012
4	13057
4	13069
