181
246
288
295
428
463
481
518
803
868
919
1113
1134
1335
1426
1551
1595
1672
1898
2193
2253
2258
2529
2668
2840
2983
3071
3431
3588
3609
3646
3721
5115
5215
5385
5545
5562
5833
5964
7110
7225
7309
7384
7420
7619
7674
7675
7848
7949
8823
9164
10222
10618
10860
10960
11050
11093
11487
11544
11588
12279
12468
12492
12493
12494
12500
12502
12503
12504
12506
12507
12509
12513
12514
12517
12518
12519
12522
12529
12530
12531
12532
12548
12550
12553
12555
12558
12560
12565
12566
12575
12576
12579
12581
12587
12591
12592
12596
12599
12601
12605
12609
12610
12612
12613
12616
12618
12620
12686
12699
12830
12882
13008
13024
13052
