12
56
68
71
89
125
133
199
226
240
248
258
264
297
314
349
472
543
573
591
595
599
601
602
603
605
607
608
610
626
627
629
630
633
635
645
648
649
664
665
671
688
701
706
708
709
717
724
725
727
728
731
747
751
753
757
766
772
773
775
779
783
788
799
800
804
808
814
816
817
820
828
854
855
856
869
880
892
897
901
906
908
910
911
917
923
924
943
945
948
950
956
975
999
1011
1021
1022
1035
1037
1044
1056
1069
1071
1072
1073
1076
1078
1079
1082
1083
1084
1086
1087
1095
1109
1112
1115
1118
1130
1152
1163
1166
1168
1170
1176
1184
1186
1187
1188
1192
1199
1203
1204
1210
1219
1221
1222
1244
1269
1271
1272
1273
1277
1306
1312
1313
1316
1333
1337
1346
1348
1353
1360
1368
1369
1370
1371
1372
1373
1375
1377
1378
1379
1383
1384
1392
1405
1428
1433
1445
1452
1457
1460
1466
1467
1470
1472
1481
1485
1489
1495
1506
1513
1515
1517
1523
1524
1525
1534
1537
1540
1550
1561
1566
1568
1576
1578
1592
1615
1618
1639
1719
1836
1922
1925
1961
1988
2053
2054
2057
2058
2084
2089
2091
2092
2093
2094
2107
2111
2120
2121
2122
2136
2147
2512
2534
2543
2544
2549
2564
2575
2588
2627
2633
2665
2667
2672
2946
3032
3034
3044
3052
3110
3117
3127
3128
3135
3145
3146
3147
3148
3168
3173
3236
3237
3245
3246
3247
3256
3264
3272
3275
3299
3322
3332
3334
3358
3359
3360
3362
3373
3374
3385
3413
3448
3456
3462
3469
3470
3471
3478
3495
3501
3517
3518
3519
3523
3525
3579
3584
3604
3612
3616
3633
3636
3640
3642
3704
3737
3740
3750
3771
3792
3824
3862
3864
3873
3874
3875
3877
3895
3900
3909
3921
3927
3939
3999
4011
4013
4021
4022
4023
4047
4056
4060
4061
4067
4095
4104
4132
4149
4156
4161
4218
4237
4263
4285
4295
4301
4371
4388
4398
4403
4409
4410
4422
4438
4442
4478
4493
4500
4515
4521
4530
4531
4544
4545
4548
4549
4554
4571
4614
4616
4639
4640
4656
4684
4685
4701
4705
4718
4742
4777
4779
4790
4795
4796
4799
4806
4818
4857
4869
4891
4894
4903
4905
4909
4926
4927
4953
4965
4985
4986
4988
4990
5025
5026
5030
5031
5032
5038
5041
5098
5137
5143
5161
5183
5188
5189
5190
5192
5196
5197
5198
5225
5227
5237
5244
5250
5260
5261
5278
5282
5316
5320
5324
5327
5328
5360
5361
5368
5396
5400
5401
5420
5472
5510
5514
5517
5526
5541
5546
5550
5560
5580
5614
5624
5635
5643
5648
5657
5659
5664
5666
5667
5668
5669
5687
5737
5748
5757
5760
5766
5777
5784
5796
5889
5907
5917
5925
5974
5981
5985
5988
6006
6011
6044
6053
6060
6066
6067
6076
6078
6079
6093
6094
6097
6122
6174
6186
6195
6196
6232
6235
6238
6240
6246
6249
6272
6284
6292
6303
6304
6326
6335
6338
6358
6367
6369
6371
6403
6404
6410
6423
6446
6456
6460
6462
6470
6482
6517
6518
6529
6533
6552
6567
6582
6585
6591
6597
6608
6618
6630
6671
6702
6705
6709
6722
6723
6724
6725
6742
6748
6755
6757
6760
6761
6774
6784
6785
6788
6840
6874
6894
6898
6910
6911
6916
6925
6935
6947
6956
6975
7006
7008
7017
7026
7058
7062
7099
7118
7119
7144
7158
7165
7199
7201
7212
7218
7252
7289
7311
7312
7338
7339
7342
7346
7362
7380
7409
7414
7432
7454
7456
7460
7482
7505
7507
7508
7561
7568
7572
7578
7600
7602
7603
7635
7671
7684
7686
7693
7702
7733
7778
7787
7800
7801
7812
7814
7822
7840
7843
7847
7850
7860
7900
7921
7927
7946
7947
7953
7957
7979
7982
8002
8010
8020
8023
8041
8054
8060
8084
8089
8099
8103
8151
8152
8153
8160
8173
8201
8226
8255
8256
8273
8283
8298
8310
8319
8322
8362
8373
8391
8397
8416
8420
8426
8439
8443
8461
8463
8470
8478
8489
8497
8515
8530
8558
8560
8565
8583
8589
8619
8627
8639
8642
8652
8653
8654
8675
8678
8679
8726
8740
8748
8761
8764
8772
8774
8775
8776
8779
8793
8805
8810
8813
8896
8898
8901
8931
8936
8952
8954
8976
8987
8991
9008
9010
9036
9040
9044
9045
9047
9066
9073
9087
9121
9132
9137
9140
9141
9142
9170
9186
9260
9261
9273
9286
9307
9321
9328
9343
9350
9351
9356
9366
9373
9395
9405
9429
9432
9433
9458
9462
9466
9468
9471
9472
9481
9483
9494
9495
9496
9497
9498
9502
9505
9511
9528
9529
9578
9588
9611
9614
9625
9635
9643
9658
9666
9677
9686
9687
9691
9693
9767
9772
9783
9793
9795
9803
9808
9824
9837
9845
9848
9877
9888
9895
9899
9910
9923
9925
9926
9934
9939
9958
9974
9991
10043
10044
10055
10068
10086
10106
10118
10123
10149
10154
10192
10203
10205
10207
10211
10230
10233
10239
10274
10278
10279
10283
10285
10286
10287
10288
10317
10324
10363
10373
10391
10392
10420
10435
10444
10457
10497
10509
10514
10525
10534
10537
10553
10560
10572
10576
10583
10603
10616
10662
10685
10689
10692
10707
10718
10720
10772
10775
10803
10835
10843
10844
10870
10880
10881
10882
10910
10923
10931
10946
10966
10975
10976
10989
11011
11016
11056
11096
11107
11157
11164
11179
11198
11199
11209
11230
11231
11234
11238
11239
11243
11249
11255
11305
11330
11338
11355
11356
11364
11368
11388
11417
11435
11437
11438
11440
11456
11462
11470
11472
11488
11498
11513
11518
11565
11568
11572
11606
11630
11633
11638
11652
11654
11655
11661
11662
11679
11682
11696
11699
11706
11775
11797
11818
11819
11831
11859
11869
11898
11914
11936
11969
11972
11976
11978
11980
12011
12022
12028
12067
12079
12082
12095
12121
12122
12141
12142
12168
12171
12174
12222
12224
12233
12234
12237
12263
12268
12283
12285
12294
12300
12315
12326
12340
12344
12345
12346
12407
12419
12421
12424
12427
12440
12444
12453
12456
12478
12482
12485
12488
12491
12498
12499
12520
12533
12537
12541
12563
12564
12568
12584
12585
12611
12614
12617
12628
12633
12636
12643
12644
12660
12662
12667
12690
12698
12704
12706
12710
12711
12720
12726
12734
12736
12746
12749
12765
12784
12785
12786
12788
12797
12810
12813
12822
12855
12865
12879
12886
12895
12901
12906
12929
12930
12937
12941
12943
12992
13006
13009
13019
13020
13021
13027
13031
13041
13054
13065
13066
13067
