3
4
17
28
31
37
42
46
50
54
65
66
67
72
75
78
85
87
91
97
98
100
102
106
110
114
119
121
123
133
136
141
148
151
165
175
179
188
202
207
212
219
223
226
230
232
236
238
241
245
249
251
255
262
267
270
274
277
286
289
293
312
317
326
328
329
331
333
334
335
345
346
348
353
356
357
361
372
377
380
381
385
387
390
392
394
399
401
403
405
407
409
413
415
417
419
421
423
427
429
431
434
447
452
457
459
460
465
470
475
477
478
480
482
484
485
487
489
490
492
494
495
498
500
501
507
511
514
531
534
550
555
556
567
573
574
602
610
622
625
627
628
629
631
644
668
672
676
678
680
684
688
690
692
694
697
699
701
704
707
711
714
717
720
722
724
725
727
736
743
748
752
754
756
758
760
764
766
771
774
776
778
786
788
790
792
794
796
799
801
803
807
822
823
826
830
841
842
845
847
850
852
855
857
861
863
864
880
886
888
896
900
906
908
910
912
914
916
921
927
933
938
941
946
950
965
978
985
986
994
995
1004
1006
1007
1008
1014
1017
1019
1020
1025
1026
1027
1029
1030
1032
1033
1040
1041
1042
1043
1044
1045
1047
1048
1073
1075
1076
1084
1085
1086
1088
1099
1114
1120
1143
1146
1147
1150
1165
1170
1172
1174
1177
1182
1184
1186
1187
1200
1208
1222
1237
1257
1280
1281
1302
1315
1319
1328
1331
1349
1354
1356
1362
1363
1365
1370
1371
1376
1377
1378
1379
1381
1401
1415
1422
1427
1429
1430
1438
1442
1444
1460
1469
1471
1476
1483
1485
1492
1495
1500
1510
1515
1520
1521
1536
1556
1561
1563
1567
1574
1579
1600
1636
1647
1648
1649
1652
1654
1655
1657
1659
1665
1666
1667
1676
1678
1686
1696
1705
1716
1717
1718
1723
1725
1736
1747
1753
1755
1764
1774
1776
1778
1780
1789
1796
1807
1809
1812
1816
1826
1836
1842
1852
1858
1859
1862
1868
1871
1873
1874
1879
1880
1884
1886
1887
1901
1906
1911
1914
1919
1924
1927
1934
1935
1942
1949
1952
1961
1971
1974
1981
1983
1984
1986
1992
1994
1995
1997
2002
2003
2014
2024
2033
2034
2041
2042
2048
2049
2055
2056
2062
2072
2073
2083
2100
2101
2112
2117
2118
2124
2125
2127
2132
2134
2135
2137
2142
2144
2145
2147
2152
2154
2155
2166
2169
2180
2188
2189
2196
2210
2211
2220
2221
2225
2228
2230
2231
2235
2237
2238
2243
2244
2251
2258
2262
2270
2289
2293
2301
2305
2309
2313
2321
2329
2333
2337
2341
2343
2349
2353
2354
2359
2363
2364
2369
2374
2379
2384
2397
2402
2407
2412
2423
2424
2429
2433
2434
2436
2441
2444
2446
2451
2453
2463
2464
2473
2474
2483
2484
2504
2513
2524
2533
2542
2552
2562
2563
2578
2579
2581
2586
2596
2601
2603
2604
2614
2626
2628
2631
2634
2636
2638
2639
2644
2648
2649
2654
2658
2659
2664
2669
2674
2678
2679
2695
2703
2709
2726
2768
2780
2807
2808
2821
2825
2828
2829
2832
2834
2836
2837
2838
2839
2851
2856
2857
2860
2863
2865
2867
2868
2873
2884
2896
2901
2906
2909
2926
2931
2936
2941
2944
2949
2954
2970
3015
3016
3020
3024
3028
3032
3036
3040
3051
3059
3063
3067
3071
3075
3083
3087
3106
3111
3125
3129
3135
3138
3154
3163
3166
3179
3185
3186
3191
3195
3198
3207
3210
3223
3225
3230
3233
3244
3249
3256
3261
3267
3291
3318
3320
3325
3327
3329
3332
3333
3341
3342
3348
3356
3366
3368
3381
3398
3406
3407
3410
3411
3412
3422
3434
3435
3443
3448
3449
3451
3452
3467
3478
3485
3489
3493
3495
3496
3498
3499
3505
3510
3512
3516
3524
3525
3546
3550
3554
3558
3560
3561
3574
3575
3583
3586
3590
3614
3615
3618
3621
3635
3639
3640
3643
3644
3648
3652
3660
3662
3673
3680
3682
3692
3713
3718
3720
3724
3736
3746
3750
3755
3771
3788
3789
3790
3794
3798
3803
3813
3846
3849
3854
3857
3859
3860
3865
3870
3871
3873
3875
3876
3878
3882
3883
3888
3899
3900
3907
3914
3918
3919
3921
3922
3924
3927
3930
3941
3944
3973
3974
3983
3984
3990
3992
3996
4000
4007
4053
4057
4073
4077
4106
4107
4113
4114
4115
4126
4131
4136
4144
4150
4152
4158
4164
4166
4172
4178
4183
4190
4192
4193
4194
4195
4201
4219
4226
4228
4230
4232
4233
4237
4239
4240
4243
4247
4248
4252
4253
4258
4260
4261
4263
4266
4275
4281
4332
4334
4337
4364
4401
4423
4433
4434
4436
4442
4462
4470
4475
4479
4481
4491
4512
4517
4523
4529
4534
4535
4550
4559
4563
4567
4579
4586
4588
4594
4595
4596
4603
4610
4614
4618
4624
4633
4640
4646
4651
4653
4655
4666
4667
4668
4670
4677
4690
4721
4726
4727
4731
4734
4742
4743
4746
4748
4754
4774
4778
4785
4786
4787
4791
4792
4796
4798
4808
4811
4816
4824
4835
4849
4851
4856
4860
4869
4871
4873
4876
4879
4881
4883
4907
4908
4925
4928
4929
4935
4939
4944
4946
4947
4957
4960
4963
4964
4968
4970
4971
4991
5003
5005
5007
5009
5028
5029
5048
5053
5058
5059
5065
5078
5079
5083
5085
5089
5094
5100
5103
5115
5118
5123
5130
5136
5137
5153
5161
5168
5178
5204
5211
5224
5228
5260
5261
5264
5273
5280
5281
5283
5341
5347
5348
5350
5363
5367
5379
5382
5388
5390
5394
5399
5401
5405
5421
5436
5460
5461
5462
5464
5466
5488
5491
5514
5520
5526
5539
5541
5551
5560
5562
5566
5569
5596
5598
5601
5607
5619
5654
5677
5700
5704
5715
5726
5728
5730
5735
5742
5758
5765
5767
5768
5769
5770
5774
5778
5779
5780
5782
5783
5784
5785
5789
5796
5802
5805
5809
5810
5811
5816
5823
5829
5861
5871
5876
5881
5884
5888
5891
5902
5909
5913
5916
5927
5929
5940
5944
5946
5954
5955
5971
5976
5983
5998
5999
6004
6013
6017
6023
6055
6066
6067
6076
6087
6095
6098
6099
6101
6102
6113
6119
6125
6126
6137
6138
6141
6145
6147
6165
6167
6177
6182
6189
6191
6193
6195
6197
6199
6203
6204
6206
6219
6224
6225
6227
6235
6236
6240
6242
6244
6245
6257
6271
6280
6283
6290
6293
6298
6300
6304
6307
6320
6323
6325
6331
6334
6338
6340
6346
6347
6352
6358
6364
6380
6385
6395
6414
6426
6432
6439
6444
6461
6473
6474
6480
6496
6501
6510
6518
6524
6527
6528
6533
6538
6543
6544
6551
6553
6560
6564
6566
6571
6575
6576
6583
6588
6590
6598
6600
6602
6603
6606
6609
6612
6615
6617
6619
6624
6626
6640
6658
6670
6673
6688
6697
6701
6702
6712
6727
6728
6729
6734
6747
6756
6768
6775
6788
6794
6809
6810
6812
6836
6838
6864
6866
6871
6872
6913
6916
6917
6923
6924
6925
6926
6930
6941
6949
6957
6961
6962
6963
6965
6991
6993
6996
6999
7000
7010
7022
7025
7032
7042
7047
7049
7051
7052
7057
7066
7076
7080
7081
7082
7083
7089
7091
7096
7100
7111
7122
7126
7137
7144
7151
7152
7156
7166
7167
7171
7186
7205
7208
7215
7234
7235
7236
7242
7250
7267
7272
7273
7276
7278
7301
7307
7308
7309
7320
7322
7324
7340
7342
7345
7346
7415
7420
7426
7432
7434
7440
7442
7443
7448
7450
7451
7454
7456
7458
7459
7475
7481
7486
7490
7495
7496
7498
7504
7505
7516
7529
7531
7541
7543
7545
7548
7554
7558
7564
7569
7571
7573
7575
7582
7584
7586
7592
7593
7595
7596
7600
7602
7604
7606
7608
7616
7618
7620
7622
7629
7636
7649
7663
7664
7675
7684
7696
7704
7799
7801
7803
7804
7807
7833
7847
7855
7871
7872
7874
7893
7895
7906
7908
7909
7910
7911
7913
7914
7920
7922
7924
7926
7933
7935
7937
7946
7959
7967
7974
7978
7980
7982
7983
7993
7997
8000
8015
8018
8024
8040
8041
8047
8052
8062
8067
8079
8081
8084
8085
8102
8115
8117
8128
8169
8171
8190
8198
8207
8212
8216
8217
8219
8221
8224
8225
8226
8237
8249
8252
8255
8261
8264
8267
8280
8283
8287
8299
8314
8329
8334
8335
8337
8344
8347
8353
8355
8361
8370
8376
8381
8383
8416
8420
8424
8432
8439
8452
8473
8476
8483
8489
8512
8513
8530
8547
8555
8557
8577
8584
8604
8606
8613
8641
8645
8662
8663
8665
8672
8673
8676
8678
8680
8681
8683
8684
8685
8691
8698
8702
8704
8714
8721
8738
8740
8741
8771
8773
8786
8787
8788
8792
8804
8819
8820
8821
8831
8834
8840
8842
8843
8845
8846
8851
8858
8863
8874
8878
8911
8918
8930
8948
9011
9014
9023
9035
9036
9047
9051
9057
9062
9072
9080
9091
9092
9093
9097
9107
9108
9113
9115
9117
9121
9123
9128
9130
9132
9133
9137
9139
9143
9145
9146
9153
9161
9168
9178
9182
9184
9196
9200
9202
9204
9215
9221
9226
9228
9231
9232
9234
9240
9241
9245
9248
9250
9252
9254
9256
9257
9259
9263
9265
9266
9269
9272
9277
9279
9280
9308
9318
9325
9327
9331
9337
9352
9356
9361
9363
9365
9369
9372
9376
9401
9413
9420
9425
9437
9439
9446
9448
9450
9459
9461
9472
9474
9479
9483
9485
9496
9498
9507
9508
9516
9529
9531
9533
9547
9560
9564
9588
9616
9644
9650
9658
9666
9669
9674
9675
9686
9688
9690
9693
9699
9701
9703
9705
9708
9710
9715
9717
9719
9724
9730
9735
9739
9750
9754
9755
9760
9764
9780
9798
9805
9808
9809
9824
9826
9831
9837
9839
9840
9841
9842
9851
9856
9858
9869
9875
9877
9881
9882
9883
9887
9888
9895
9913
9915
9927
9937
9941
9953
9968
9969
9985
10012
10024
10040
10042
10049
10053
10055
10060
10065
10066
10068
10076
10086
10099
10102
10103
10104
10108
10112
10126
10140
10141
10143
10160
10161
10173
10175
10181
10182
10186
10192
10194
10197
10199
10200
10206
10208
10214
10215
10219
10220
10224
10226
10227
10232
10239
10245
10249
10254
10256
10258
10259
10261
10263
10264
10269
10274
10275
10278
10281
10282
10283
10289
10292
10296
10298
10304
10307
10309
10312
10316
10317
10319
10321
10323
10325
10326
10330
10331
10333
10339
10342
10345
10353
10374
10390
10407
10433
10446
10453
10455
10498
10519
10524
10525
10532
10537
10538
10544
10546
10548
10560
10561
10562
10575
10577
10591
10592
10594
10595
10601
10609
10612
10614
10615
10619
10621
10622
10624
10626
10628
10630
10631
10633
10635
10641
10646
10648
10650
10652
10653
10658
10662
10664
10670
10676
10678
10686
10690
10698
10701
10703
10707
10712
10714
10715
10717
10718
10720
10724
10726
10730
10734
10736
10740
10746
10747
10749
10751
10753
10759
10761
10763
10767
10772
10774
10777
10782
10784
10795
10801
10803
10808
10810
10812
10814
10822
10831
10840
10845
10849
10851
10853
10859
10861
10866
10870
10873
10875
10877
10879
10884
10887
10889
10901
10903
10905
10913
10915
10924
10930
10945
10947
10949
10954
10959
10962
10964
10967
10971
10974
10977
10981
10990
10994
10998
11002
11004
11006
11008
11011
11017
11019
11024
11026
11039
11047
11049
11055
11058
11065
11073
11085
11092
11094
11103
11107
11118
11122
11139
11149
11154
11165
11172
11174
11187
11189
11194
11196
11203
11207
11218
11265
11278
11284
11298
11336
11341
11345
11348
11350
11359
11362
11389
11401
11404
11405
11412
11413
11414
11416
11421
11423
11425
11428
11430
11435
11437
11439
11443
11445
11449
11451
11459
11472
11474
11485
11501
11505
11507
11512
11513
11520
11525
11527
11533
11539
11543
11557
11571
11579
11594
11599
11601
11605
11613
11643
11758
11766
11778
11779
11780
11781
11784
11785
11791
11800
11812
11813
11814
11818
11823
11828
11831
11836
11838
11839
11840
11843
11845
11854
11858
11861
11863
11864
11866
11867
11871
11879
11881
11883
11884
11885
11891
11902
11903
11908
11909
11914
11917
11918
11949
11953
11965
11972
11973
11979
11988
12000
12001
12009
12015
12016
12023
12024
12037
12038
12044
12045
12049
12062
12068
12071
12080
12082
12091
12094
12101
12103
12104
12108
12115
12116
12125
12126
12132
12136
12138
12139
12140
12142
12147
12159
12169
12170
12181
12182
12196
12199
12227
12229
12230
12236
12242
12245
12253
12264
12270
12292
12303
12304
12305
12310
12326
12330
12331
12407
12413
12422
12428
12431
12448
12451
12453
12454
12462
12463
12464
12465
12472
12478
12490
12491
12495
12502
12503
12505
12507
12508
12512
12527
12529
12533
12541
12543
12545
12548
12557
12559
12561
12562
12564
12566
12578
12582
12583
12585
12589
12592
12593
12594
12599
12601
12602
12608
12615
12624
12631
12637
12640
12650
12660
12672
12688
12704
12721
12749
12750
12755
12757
12773
12774
12785
12810
12828
12830
12840
12863
12866
12867
12868
12879
12881
12892
12894
12896
12898
12900
12902
12911
12915
12930
12933
12940
12941
12943
12946
12962
12966
12969
13007
13013
13017
13031
13043
13076
13079
13093
13097
13098
13107
13108
13109
13112
13114
13119
13122
13128
13133
13142
13149
13150
13151
13160
13169
13183
13201
13206
13211
13216
13222
13237
13238
13252
13258
13259
13268
13283
13287
13337
13340
13345
13369
13370
13372
13373
13374
13375
13376
13378
13381
13386
13387
13393
13395
13401
13402
13407
13414
13420
13425
13435
13442
13443
13444
13447
13451
13455
13467
13478
13483
13493
13508
13511
13515
13522
13523
13525
13533
13537
13541
13542
13549
13554
13562
13569
13576
13579
13582
13585
13586
13587
13593
13594
13600
13609
13610
13615
13616
13621
13625
13627
13629
13648
13662
13663
13666
13672
13678
13680
13681
13686
13719
13731
13742
13770
13782
13795
13813
13828
13891
13893
13894
13895
13912
13915
13918
13921
13922
13923
13924
13930
13931
13935
13938
13941
13942
13945
13946
13949
13952
13956
13958
13959
13961
13963
13965
13968
13988
13998
14001
14003
14010
14012
14018
14019
14036
14041
14058
14060
14062
14069
14081
14087
14096
14111
14113
14117
14118
14119
14126
14134
14141
14142
14144
14145
14165
14168
14178
14184
14190
14207
14209
14225
14227
14229
14232
14246
14259
14279
14280
14295
14312
14318
14330
14332
14345
14348
14352
14363
14364
14377
14387
14391
14392
14393
14394
14400
14410
14424
14429
14432
14435
14450
14453
14455
14472
14479
14515
14520
14526
14576
14580
14582
14585
14588
14617
14618
14620
14642
14644
14647
14649
14663
14666
14687
14689
14706
14716
14722
14742
14743
14747
14753
14754
14760
14761
14763
14767
14768
14769
14770
14774
14775
14776
14785
14786
14798
14800
14802
14803
14815
14825
14830
14831
14832
14834
14836
14845
14854
14861
14864
14876
14896
14897
14904
14905
14906
14916
14920
14925
14933
14939
14942
14944
14948
14959
14990
14993
14994
15000
15006
15010
15012
15013
15025
15035
15041
15060
15063
15068
15079
15080
15087
15090
15091
15092
15100
15102
15104
15116
15117
15128
15130
15138
15140
15147
15153
15156
15158
15161
15167
15172
15176
15177
15179
15183
15184
15186
15190
15191
15193
15195
15196
15200
15205
15206
15210
15211
15215
15219
15220
15222
15231
15232
15241
15242
15245
15250
15253
15255
15256
15264
15269
15274
15280
15282
15285
15287
15288
15293
15307
15310
15316
15318
15322
15336
15365
15383
15386
15406
15410
15415
15416
15421
15423
15426
15429
15437
15438
15453
15465
15475
15482
15483
15484
15485
15499
15501
15503
15505
15509
15511
15512
15516
15519
15521
15523
15524
15527
15529
15531
15532
15534
15538
15539
15541
15543
15545
15546
15548
15550
15552
15556
15559
15562
15567
15569
15570
15572
15575
15577
15579
15582
15588
15593
15594
15597
15600
15604
15606
15607
15610
15615
15618
15628
15630
15631
15633
15635
15637
15639
15641
15644
15646
15647
15650
15653
15657
15658
15663
15666
15668
15671
15690
15694
15695
15697
15699
15701
15702
15704
15713
15714
15720
15722
15725
15729
15731
15732
15734
15736
15740
15743
15749
15750
15755
15759
15762
15784
15805
15812
15818
15819
15826
15834
15843
15846
15862
15879
15885
15892
15896
15897
15898
15899
15900
15902
15903
15908
15910
15914
15920
15925
15930
15942
15945
15950
15952
15958
15971
15974
15976
15984
15995
15999
16004
16007
16016
16019
16020
16025
16029
16040
16048
16061
16078
16080
16087
16089
16100
16102
16123
16132
16139
16142
16147
16150
16151
16153
16156
16165
16167
16173
16180
16183
16184
16188
16190
16194
16215
16218
16221
16223
16224
16227
16238
16245
16273
16317
16319
16374
16375
16377
16378
16381
16395
16400
16404
16407
16410
16413
16416
16419
16431
16435
16440
16444
16455
16458
16469
16470
16471
16473
16480
16494
16496
16497
16505
16510
16518
16520
16532
16534
16536
16546
16548
16550
16566
16579
16581
16582
16584
16585
16588
16596
16598
16604
16608
16634
16638
16642
16652
16653
16669
16680
16688
16697
16707
16716
16718
16720
16724
16747
16750
16771
16778
16781
16795
16796
16799
16801
16803
16806
16830
16839
16848
16852
16858
16859
16867
16868
16875
16894
16895
16901
16904
16909
16910
16912
16913
16940
16957
16960
16968
16971
16976
16981
16987
17032
17053
17058
17059
17081
17087
17093
17095
17098
17099
17104
17106
17108
17111
17114
17119
17120
17128
17133
17136
17139
17140
17141
17143
17146
17147
17152
17162
17167
17169
17180
17184
17188
17189
17197
17212
17216
17228
17232
17237
17245
17249
17255
17278
17283
17286
17293
17294
17297
17328
17334
17341
17348
17350
17374
17375
17378
17385
17394
17402
17406
17412
17413
17415
17427
17428
17430
17432
17449
17453
17467
17469
17472
17474
17477
17484
17487
17488
17491
17492
17497
17501
17521
17536
17539
17549
17551
17552
17555
17559
17563
17565
17569
17572
17577
17579
17583
17584
17585
17587
17594
17597
17607
17609
17611
17614
17616
17622
17626
17633
17637
17638
17645
17646
17647
17650
17666
17671
17685
17689
17690
17695
17696
17699
17713
17714
17730
17731
17733
17742
17751
17759
17761
17764
17770
17771
17780
17783
17796
17806
17808
17811
17813
17815
17817
17826
17827
17831
17834
17840
17846
17851
17858
17862
17867
17871
17880
17885
17887
17889
17898
17909
17911
17914
17918
17924
17926
17927
17933
17941
17955
17957
17962
17968
17976
17979
17980
17981
17983
18024
18026
18072
18075
18094
18100
18102
18110
18112
18115
18119
18122
18124
18125
18127
18128
18129
18135
18139
18155
18165
18166
18178
18215
18218
18220
18221
18224
18227
18230
18233
18239
18247
18258
18260
18279
18283
18294
18308
18309
18313
18325
18326
18335
18348
18352
18365
18367
18369
18371
18375
18376
18379
18383
18385
18390
18391
18406
18427
18429
18431
18433
18439
18443
18447
18448
18454
18456
18458
18466
18468
18472
18474
18478
18481
18482
18486
18488
18492
18501
18520
18539
18542
18548
18611
18642
18643
18647
18649
18651
18657
18665
18675
18676
18677
18679
18696
18708
18712
18727
18764
18778
18792
18799
18807
18814
18816
18817
18826
18828
18829
18838
18841
18849
18855
18867
18879
18892
18893
18905
18909
18926
18949
18962
18967
18971
18972
18974
18979
18984
18988
18998
19000
19002
19003
19008
19009
19016
19020
19031
19034
19047
19052
19065
19069
19081
19088
19094
19119
19134
19154
19177
19183
19184
19206
19208
19213
19214
19215
19218
19232
19243
19244
19263
19279
19281
19283
19320
19329
19330
19334
19337
19342
19343
19346
19352
19357
19365
19366
19388
19391
19393
19394
19398
19403
19404
19405
19410
19413
19415
19427
19450
19459
19477
19482
19511
19562
19568
19586
19609
19610
19614
19617
19623
19624
19625
19626
19637
19644
19645
19647
19648
19667
19668
19669
19676
19679
19680
19687
19693
19698
19702
19703
19706
19715
19716
19727
19737
19753
19754
19757
19802
19820
19826
19833
19840
19853
19855
19856
19857
19862
19866
19869
19870
19877
19880
19885
19894
19903
19904
19910
19911
19920
19922
19950
19958
19959
19965
19967
19968
19970
19972
19974
19976
19981
19983
19984
19986
19988
19989
19991
20009
20024
20026
20028
20031
20041
20050
20053
20056
20058
20065
20067
20070
20077
20080
20088
20089
20104
20112
20114
20116
20118
20119
20124
20137
20138
20140
20142
20143
20156
20160
20166
20171
20179
20184
20192
20203
20210
20222
20227
20233
20239
20248
20250
20263
20265
20267
20268
20270
20282
20285
20289
20291
20293
20294
20337
20361
20369
20370
20377
20378
20387
20396
20397
20398
20403
20407
20417
20419
20426
20428
20430
20432
20434
20436
20438
20440
20442
20448
20451
20453
20455
20466
20468
20470
20472
20474
20476
20480
20487
20489
20491
20498
20500
20502
20504
20511
20513
20515
20519
20526
20528
20545
20549
20560
20568
20570
20574
20581
20587
20598
20602
20606
20610
20623
20627
20629
20631
20633
20647
20656
20665
20669
20680
20687
20698
20700
20702
20704
20706
20733
20737
20739
20743
20745
20757
20759
20761
20768
20775
20783
20788
20794
20797
20799
20802
20807
20820
20822
20824
20825
20843
20845
20846
20848
20889
20890
20911
20923
20939
20944
20954
20976
20985
20987
21000
21007
21019
21020
21023
21027
21032
21033
21035
21039
21041
21042
21043
21044
21057
21063
21064
21075
21077
21078
21079
21085
21086
21091
21096
21102
21109
21111
21113
21114
21116
21117
21119
21124
21126
21128
21133
21141
21145
21156
21174
21190
21195
21200
21213
21215
21226
21227
21230
21231
21237
21238
21240
21242
21245
21246
21250
21251
21263
21268
21275
21278
21284
21287
21290
21292
21293
21298
21299
21300
21304
21311
21313
21321
21334
21335
21350
21354
21364
21367
21369
21372
21374
21380
21382
21383
21385
21388
21390
21392
21393
21395
21397
21399
21401
21402
21405
21407
21410
21413
21418
21420
21421
21423
21425
21431
21435
21438
21443
21444
21447
21450
21453
21456
21459
21461
21462
21463
21465
21473
21478
21484
21486
21487
21504
21507
21510
21523
21528
21533
21535
21542
21544
21550
21554
21556
21560
21572
21575
21578
21580
21581
21590
21592
21596
21611
21615
21633
21652
21660
21666
21675
21676
21679
21680
21718
21720
21729
21730
21736
21741
21745
21748
21749
21751
21753
21758
21812
21831
21836
21855
21870
21872
21874
21876
21878
21879
21880
21881
21894
21896
21912
21913
21922
21926
21931
21934
21940
21945
21952
21961
21966
21968
21970
21971
21973
21975
21977
21979
21980
21982
21984
22000
22001
22005
22006
22007
22010
22012
22015
22019
22021
22028
22032
22034
22038
22042
22046
22049
22065
22140
22162
22187
22203
22205
22213
22220
22223
22237
22243
22244
22245
22263
22273
22283
22285
22294
22296
22307
22318
22320
22325
22330
22349
22353
22355
22361
22367
22373
22388
22389
22392
22398
22405
22407
22410
22413
22416
22424
22433
22437
22441
22443
22444
22445
22447
22461
22463
22466
22469
22475
22476
22483
22484
22485
22487
22489
22497
22498
22499
22502
22510
22511
22526
22542
22580
22595
22596
22601
22604
22610
22616
22618
22632
22635
22645
22649
22652
22655
22664
22666
22667
22669
22678
22683
22685
22698
22704
22726
22728
22730
22731
22732
22745
22746
22766
22768
22771
22776
22791
22804
22809
22814
22815
22826
22840
22856
22861
22863
22864
22868
22869
22870
22891
22897
22901
22908
22914
22918
22927
22930
22936
22952
22955
22956
22957
22968
22970
22974
22976
22995
23000
23002
23013
23017
23018
23022
23025
23027
23029
23031
23033
23035
23041
23045
23047
23049
23051
23054
23055
23058
23061
23064
23072
23073
23074
23078
23079
23080
23081
23084
23091
23092
23093
23094
23096
23101
23102
23103
23104
23107
23108
23109
23110
23111
23112
23114
23116
23118
23121
23124
23127
23131
23133
23136
23140
23158
23160
23162
23164
23166
23167
23202
23216
23217
23225
23231
23243
23244
23258
23260
23265
23267
23281
23286
23290
23291
23293
23297
23301
23315
23319
23325
23330
23358
23363
23371
23373
23375
23376
23377
23382
23392
23394
23400
23402
23406
23408
23409
23428
23437
23438
23446
23454
23460
23462
23466
23476
23477
23488
23499
23503
23506
23507
23509
23516
23522
23523
23525
23528
23530
23532
23540
23543
23544
23546
23549
23550
23552
23555
23557
23567
23569
23572
23574
23575
23580
23582
23586
23589
23590
23591
23596
23598
23600
23609
23610
23615
23617
23619
23628
23633
23635
23637
23639
23642
23651
23653
23656
23661
23663
23673
23678
23683
23685
23687
23700
23702
23704
23706
23709
23712
23715
23718
23722
23726
23730
23734
23738
23747
23761
23765
23770
23775
23777
23784
23786
23788
23792
23805
23807
23809
23811
23814
23816
23819
23824
23826
23827
23830
23832
23834
23837
23841
23843
23845
23847
23851
23854
23857
23860
23862
23864
23866
23872
23878
23882
23884
23893
23898
23904
23912
23914
23916
23919
23922
23926
23928
23930
23938
23946
23951
23953
23958
23960
23966
23968
23970
23977
23979
23981
23983
23989
23991
24010
24012
24016
24019
24026
24028
24030
24036
24037
24046
24048
24053
24056
24086
24087
24090
24091
24095
24097
24099
24103
24106
24110
24114
24121
24127
24129
24139
24143
24145
24159
24163
24165
24181
24186
24190
24196
24199
24204
24210
24212
24214
24215
24217
24223
24229
24239
24243
24247
24251
24261
24265
24269
24273
24277
24286
24297
24319
24331
24335
24352
24395
24403
24410
24415
24416
24420
24428
24430
24441
24442
24449
24452
24453
24457
24459
24461
24469
24470
24472
24474
24476
24485
24487
24488
24489
24491
24492
24494
24496
24499
24502
24510
24513
24515
24516
24520
24527
24540
24544
24548
24576
24578
24580
24583
24591
24594
24596
24620
24633
24638
24643
24660
24663
24680
24691
24698
24717
24727
24740
24742
24753
24760
24763
24765
24767
24781
24783
24790
24791
24794
24798
24799
24800
24801
24805
24820
24824
24826
24827
24835
24837
24841
24842
24849
24850
24862
24867
24870
24872
24888
24903
24904
24922
24923
24939
24940
24953
24959
24960
24964
24966
24974
24981
24983
24984
25002
25008
25009
25011
25013
25015
25032
25034
25038
25045
25052
25061
25069
25074
25085
25100
25110
25120
25144
25146
25155
25158
25160
25161
25163
25166
25194
25205
25212
25231
25232
25233
25235
25237
25239
25241
25250
25252
25258
25266
25268
25270
25273
25279
25282
25284
25285
25288
25290
25291
25301
25311
25315
25322
25327
25329
25333
25340
25347
25358
25360
25367
25374
25385
25387
25398
25400
25402
25407
25413
25415
25417
25428
25430
25440
25453
25455
25457
25458
25466
25468
25473
25476
25477
25484
25485
25488
25490
25493
25497
25501
25506
25515
25520
25528
25534
25536
25539
25542
25548
25552
25554
25559
25565
25567
25572
25578
25580
25606
25608
25610
25616
25620
25621
25623
25625
25627
25637
25639
25641
25643
25647
25651
25653
25655
25657
25660
25663
25666
25668
25670
25672
25678
25680
25682
25692
25699
25716
25731
25743
25752
25756
25762
25769
25773
25777
25781
25785
25789
25793
25797
25801
25805
25809
25819
25823
25827
25831
25841
25876
25882
25888
25890
25902
25905
25916
25921
25931
25941
25948
25973
25976
25979
26004
26005
26008
26016
26018
26023
26024
26037
26039
26043
26052
26054
26060
26072
26074
26078
26081
26083
26084
26087
26099
26100
26104
26118
26140
26146
26155
26175
26225
26244
26248
26250
26261
26262
26263
26267
26270
26272
26276
26279
26283
26284
26285
26292
26301
26302
26308
26318
26325
26330
26338
26340
26345
26347
26351
26355
26359
26364
26367
26370
26376
26378
26388
26393
26395
26403
26416
26431
26435
26438
26444
26448
26450
26452
26461
26476
26479
26487
26495
26499
26508
26513
26516
26519
26521
26522
26528
26540
26542
26548
26553
26557
26565
26576
26577
26594
26595
26600
26607
26608
26611
26645
26692
26696
26705
26708
26715
26716
26722
26723
26729
26741
26742
26743
26744
26751
26762
26771
26773
26779
26780
26781
26785
26796
26807
26814
26815
26822
26823
26829
26850
26853
26861
26863
26864
26866
26868
26871
26875
26876
26878
26879
26881
26882
26884
26892
26893
26901
26907
26915
26917
26926
26928
26930
26938
26944
26948
26949
26951
26965
26969
26977
26986
26991
26993
26997
27002
27006
27013
27015
27026
27029
27058
27062
27069
27071
27075
27082
27084
27088
27095
27097
27106
27115
27117
27118
27128
27132
27136
27140
27144
27148
27152
27173
27192
27198
27217
27238
27249
27275
27276
27349
27392
27408
27409
27410
27412
27414
27415
27425
27426
27428
27434
27456
27461
27467
27475
27476
27477
27479
27484
27486
27493
27494
27498
27508
27522
27540
27541
27542
27552
27561
27562
27598
27599
27609
27611
27614
27621
27622
27644
27649
27653
27661
27670
27674
27679
27681
27682
27684
27687
27688
27692
27727
27728
27760
27785
27803
27807
27819
27830
27841
27860
27882
27887
27905
27930
27975
27977
27979
27988
28032
28033
28035
28071
28074
28076
28080
28084
28086
28087
28088
28090
28093
28094
28098
28114
28115
28116
28117
28120
28127
28133
28137
28138
28139
28149
28151
28154
28160
28161
28162
28169
28178
28184
28186
28188
28189
28190
28194
28199
28200
28206
28210
28212
28213
28216
28221
28224
28225
28227
28236
28237
28238
28241
28261
28262
28263
28264
28267
28271
28279
28281
28284
28286
28293
28294
28295
28296
28297
28299
28308
28311
28313
28316
28317
28318
28319
28321
28326
28329
28331
28334
28335
28336
28340
28344
28346
28350
28353
28354
28356
28378
28387
28417
28433
28440
28451
28452
28456
28483
28484
28492
28496
28497
28524
28532
28533
28550
28555
28594
28617
28662
28667
28676
28683
28684
28686
28705
28718
28729
28734
28735
28737
28743
28747
28751
28756
28765
28770
28771
28780
28788
28795
28806
28807
28816
28817
28820
28821
28829
28835
28836
28842
28844
28845
28852
28857
28871
28888
28909
28920
28926
28937
28938
28942
28956
28970
28979
28981
28982
28987
28989
29032
29039
29040
29046
29049
29057
29059
29062
29067
29073
29077
29085
29089
29095
29101
29106
29117
29123
29135
29136
29137
29141
29143
29147
29148
29154
29159
29168
29179
29200
29206
29207
29212
29213
29215
29217
29231
29314
29320
29324
29329
29330
29332
29333
29344
29369
29389
29390
29392
29393
29394
29395
29420
29422
29438
29439
29444
29445
29450
29453
29477
29478
29484
29488
29490
29496
29498
29500
29502
29503
29505
29507
29518
29523
29524
29530
29537
29539
29541
29546
29565
29567
29578
29589
29591
29594
29596
29597
29601
29694
29714
29720
29721
29722
29728
29737
29744
29745
29748
29751
29753
29756
29762
29766
29778
29781
29785
29790
29792
29802
29811
29813
29815
29816
29819
29820
29821
29822
29830
29835
29845
29860
29876
29877
29887
29903
29907
29930
29934
29939
29942
29944
29945
29964
29965
29969
29970
29984
29988
29989
29997
30002
30009
30010
30011
30012
30015
30024
30026
30042
30045
30050
30062
30064
30070
30072
30075
30088
30090
30108
30110
30113
30115
30120
30145
30146
30148
30176
30183
30185
30189
30192
30196
30200
30201
30205
30213
30216
30219
30233
30243
30244
30249
30260
30261
30267
30275
30276
30280
30282
30283
30290
30291
30295
30298
30299
30302
30303
30307
30308
30314
30317
30328
30342
30344
30355
30368
30377
30388
30414
30417
30456
30457
30468
30469
30473
30475
30486
30492
30495
30497
30500
30503
30506
30507
30509
30511
30513
30514
30527
30544
30567
30569
30582
30587
30588
30590
30610
30611
30613
30626
30644
30653
30658
30692
30709
30714
30715
30716
30717
30723
30724
30725
30726
30727
30739
30741
30748
30749
30751
30755
30757
30759
30767
30769
30771
30781
30782
30787
30789
30795
30799
30803
30807
30810
30813
30815
30820
30831
30835
30839
30840
30843
30854
30864
30873
30881
30894
30895
30905
30909
30910
30913
30914
30933
30936
30953
30958
30961
30970
30981
30983
30991
30997
30999
31000
31018
31020
31027
31029
31035
31037
31039
31044
31049
31051
31053
31060
31062
31064
31066
31068
31074
31076
31078
31080
31086
31088
31090
31092
31099
31101
31103
31109
31112
31114
31116
31122
31124
31126
31133
31135
31140
31150
31152
31164
31166
31168
31176
31178
31180
31182
31190
31192
31194
31201
31203
31205
31207
31209
31213
31215
31217
31226
31228
31235
31240
31249
31254
31269
31276
31287
31289
31292
31293
31296
31297
31300
31301
31304
31308
31309
31312
31313
31316
31317
31320
31324
31332
31338
31360
31387
31395
31399
31406
31409
31424
31430
31434
31440
31445
31449
31458
31483
31492
31494
31499
31504
31506
31508
31510
31518
31520
31529
31531
31538
31542
31544
31550
31552
31554
31556
31562
31564
31566
31568
31574
31576
31578
31580
31586
31588
31590
31592
31598
31600
31602
31604
31610
31612
31615
31628
31630
31636
31638
31647
31662
31671
31672
31674
31676
31677
31680
31681
31683
31684
31688
31690
31691
31696
31697
31698
31710
31717
31718
31735
31739
31741
31743
31746
31753
31757
31760
31766
31768
31775
31780
31782
31784
31786
31790
31791
31793
31795
31801
31803
31805
31807
31809
31811
31813
31820
31823
31830
31832
31838
31840
31854
31856
31865
31869
31871
31877
31880
31882
31884
31895
31897
31903
31910
31912
31919
31920
31922
31923
31927
31929
31941
31948
31964
31973
31987
32000
32011
32034
32045
32051
32057
32059
32062
32068
32070
32072
32075
32080
32082
32084
32086
32090
32092
32094
32103
32105
32121
32133
32135
32137
32143
32145
32147
32153
32155
32157
32159
32161
32169
32171
32173
32180
32182
32194
32206
32216
32222
32224
32226
32229
32231
32232
32234
32236
32238
32239
32242
32246
32248
32249
32256
32257
32258
32261
32263
32265
32266
32268
32269
32273
32280
32285
32287
32292
32298
32303
32308
32310
32313
32316
32318
32321
32325
32328
32332
32333
32336
32337
32341
32344
32345
32348
32349
32352
32353
32356
32357
32360
32361
32368
32372
32376
32392
32396
32404
32408
32409
32415
32419
32423
32427
32434
32436
32437
32465
32468
32470
32471
32492
32496
32500
32572
32576
32578
32592
32594
32599
32604
32615
32617
32619
32622
32625
32627
32629
32631
32639
32641
32643
32645
32648
32651
32652
32654
32665
32667
32672
32676
32679
32683
32685
32691
32695
32697
32699
32701
32707
32711
32713
32715
32717
32720
32722
32723
32725
32727
32729
32731
32734
32737
32739
32741
32743
32745
32748
32751
32753
32755
32757
32759
32764
32767
32768
32771
32773
32775
32778
32781
32783
32785
32788
32791
32793
32795
32799
32802
32804
32806
32809
32812
32814
32816
32818
32820
32823
32826
32830
32832
32835
32838
32840
32842
32844
32846
32851
32853
32856
32858
32860
32865
32870
32876
32878
32883
32891
32893
32896
32898
32903
32909
32914
32919
32924
32929
32934
32939
32941
32944
32947
32949
32951
32953
32956
32959
32969
32973
32977
32981
32985
32989
32993
32997
32998
33001
33002
33005
33006
33009
33013
33017
33022
33025
33028
33030
33032
33036
33039
33042
33044
33048
33051
33054
33056
33060
33063
33066
33070
33073
33076
33080
33083
33085
33088
33096
33116
33119
33122
33126
33129
33132
33136
33139
33142
33146
33149
33152
33159
33169
33175
33184
33190
33196
33201
33202
33203
33204
33208
33212
33213
33215
33217
33225
33228
33231
33234
33244
33252
33254
33256
33262
33265
33267
33269
33275
33276
33278
33280
33282
33284
33289
33294
33297
33300
33302
33314
33316
33322
33325
33328
33330
33342
33344
33353
33357
33359
33372
33374
33386
33388
33390
33398
33401
33403
33405
33413
33415
33416
33418
33423
33426
33429
33431
33432
33436
33438
33450
33452
33461
33463
33465
33473
33475
33480
33482
33489
33491
33502
33504
33511
33513
33519
33521
33539
33541
33549
33553
33554
33556
33559
33563
33565
33572
33579
33581
33583
33589
33591
33593
33595
33603
33605
33607
33609
33618
33619
33620
33622
33626
33628
33635
33637
33639
33641
33644
33648
33653
33655
33658
33660
33662
33664
33666
33668
33676
33678
33680
33689
33693
33695
33702
33704
33706
33713
33727
33739
33741
33752
33754
33768
33770
33781
33783
33789
33791
33793
33795
33802
33808
33810
33817
33841
33846
33850
33854
33862
33863
33867
33868
33871
33872
33876
33880
33884
33888
33892
33896
33897
33900
33901
33904
33908
33914
33918
33923
33927
33932
33933
33936
33937
33940
33941
33944
33945
33948
33949
33952
33953
33956
33960
33964
33968
33969
33972
33973
33979
34002
34053
34103
34115
34117
34119
34121
34132
34134
34136
34143
34145
34147
34149
34155
34158
34160
34162
34171
34173
34175
34184
34197
34199
34206
34208
34210
34212
34229
34240
34242
34256
34258
34260
34267
34269
34271
34273
34278
34280
34281
34292
34294
34300
34307
34309
34318
34321
34325
34329
34333
34334
34341
34342
34345
34354
34356
34363
34365
34366
34369
34378
34380
34388
34390
34392
34402
34407
34408
34411
34413
34414
34415
34419
34423
34430
34433
34442
34445
34446
34447
34452
34455
34458
34462
34464
34475
34476
34480
34487
34488
34490
34503
34505
34508
34522
34527
34536
34545
34546
34552
34559
34564
34569
34575
34582
34615
34617
34642
34648
34654
34688
34789
34796
34801
34802
34805
34809
34822
34828
34831
34832
34833
34842
34845
34850
34854
34861
34862
34863
34867
34871
34874
34892
34912
34915
34924
34936
34940
34963
34976
34984
34988
35007
35009
35010
35017
35018
35026
35030
35031
35035
35038
35039
35040
35041
35043
35045
35047
35057
35060
35061
35062
35063
35067
35072
35081
35088
35100
35107
35113
35130
35138
35149
35156
35157
35159
35177
35184
35185
35186
35190
35202
35211
35213
35215
35225
35232
35240
35241
35242
35250
35258
35261
35272
35275
35278
35281
35287
35289
35290
35292
35293
35297
35298
35299
35308
35311
35336
35360
35361
35372
35374
35376
35380
35382
35385
35386
35389
35405
35411
35412
35416
35418
35419
35424
35427
35429
35431
35433
35452
35457
35465
35496
35506
35511
35513
35527
35528
35530
35531
35539
35541
35549
35550
35552
35553
35554
35573
35581
35593
35594
35595
35607
35628
35636
35637
35638
35644
35657
35665
35674
35676
35679
35681
35686
35687
35688
35689
35693
35696
35698
35699
35703
35728
35732
35749
35757
35768
35769
35773
35775
35776
35779
35780
35781
35782
35790
35793
35795
35810
35815
35816
35827
35834
35860
35871
35873
35874
35883
35892
35902
35906
35907
35910
35914
35916
35920
35921
35927
35928
35929
35930
35932
35941
35943
35946
35975
36029
36052
36058
36061
36065
36068
36074
36077
36078
36079
36080
36084
36153
36156
36174
36186
36191
36197
36200
36201
36202
36203
36205
36211
36214
36215
36224
36231
36232
36233
36238
36260
36263
36268
36274
36277
36278
36281
36287
36292
36301
36324
36337
36340
36341
36342
36343
36351
36356
36357
36361
36363
36365
36367
36369
36370
36372
36374
36376
36378
36380
36382
36384
36386
36388
36392
36394
36396
36398
36399
36402
36405
36411
36413
36415
36416
36418
36422
36425
36428
36449
36454
36460
36462
36469
36483
36486
36489
36491
36505
36507
36509
36512
36517
36519
36521
36523
36526
36529
36531
36541
36543
36545
36548
36554
36556
36558
36560
36563
36571
36573
36575
36580
36586
36588
36590
36593
36595
36599
36602
36604
36609
36618
36620
36625
36634
36636
36641
36646
36648
36653
36658
36660
36665
36670
36672
36677
36682
36684
36689
36692
36698
36700
36705
36710
36712
36722
36724
36730
36732
36735
36738
36765
36773
36785
36801
36812
36814
36818
36821
36823
36829
36839
36860
36872
36900
36915
36917
36918
36928
36930
36935
36939
36940
36941
36944
36950
36951
36952
36972
36977
36978
36985
36987
36992
36996
36998
37010
37019
37027
37036
37042
37043
37047
37048
37051
37056
37061
37065
37070
37074
37079
37083
37087
37092
37096
37100
37105
37109
37113
37115
37117
37123
37127
37129
37144
37167
37169
37173
37179
37181
37185
37191
37195
37201
37205
37211
37213
37217
37228
37230
37234
37240
37242
37244
37250
37252
37254
37260
37261
37263
37265
37270
37274
37276
37278
37280
37287
37289
37291
37303
37309
37315
37317
37322
37327
37329
37340
37344
37352
37363
37367
37371
37375
37379
37383
37392
37398
37420
37422
37426
37463
37470
37483
37485
37496
37501
37504
37510
37524
37547
37552
37557
37563
37564
37565
37567
37568
37569
37570
37572
37592
37598
37601
37607
37632
37645
37652
37656
37660
37664
37678
37686
37701
37709
37712
37724
37754
37759
37777
37783
37786
37791
37800
37804
37807
37809
37812
37823
37830
37835
37836
37838
37845
37850
37852
37855
37865
37870
37872
37875
37877
37878
37880
37883
37887
37897
37901
37912
37917
37925
37929
37931
37933
37934
37936
37942
37955
37956
37958
37963
37966
37970
37974
37977
37982
37990
37991
38007
38022
38046
38048
38052
38057
38077
38090
38154
38181
38224
38230
38236
38240
38244
38248
38264
38268
38276
38280
38284
38288
38292
38304
38308
38320
38324
38336
38348
38352
38359
38362
38368
38376
38381
38393
38397
38401
38413
38417
38421
38425
38437
38441
38454
38455
38459
38477
38484
38485
38488
38500
38508
38525
38527
38528
38529
38534
38538
38542
38554
38555
38575
38576
38584
38588
38590
38592
38593
38596
38598
38600
38602
38603
38605
38612
38618
38620
38622
38631
38633
38650
38652
38670
38672
38681
38683
38698
38708
38710
38716
38717
38719
38721
38727
38728
38730
38739
38741
38751
38761
38763
38776
38778
38793
38795
38797
38801
38803
38808
38811
38813
38823
38834
38836
38843
38845
38847
38857
38866
38872
38884
38886
38894
38896
38906
38908
38914
38918
38920
38926
38930
38932
38938
38940
38942
38948
38950
38952
38958
38960
38962
38972
38978
38983
38991
38993
38995
38997
38999
39001
39003
39010
39013
39021
39025
39028
39031
39035
39051
39052
39057
39061
39065
39069
39073
39077
39085
39089
39099
39110
39120
39128
39132
39142
39153
39163
39165
39171
39173
39175
39177
39185
39189
39191
39199
39201
39203
39209
39211
39225
39235
39237
39243
39247
39249
39255
39257
39279
39324
39330
39352
39365
39377
39391
39397
39401
39409
39411
39415
39422
39424
39426
39432
39434
39436
39443
39447
39449
39455
39457
39459
39460
39467
39469
39471
39473
39474
39481
39483
39485
39487
39493
39495
39497
39502
39507
39512
39516
39518
39526
39528
39530
39532
39540
39542
39544
39552
39556
39560
39575
39579
39583
39587
39596
39600
39608
39610
39612
39620
39622
39624
39632
39636
39638
39644
39646
39648
39655
39657
39667
39679
39681
39689
39693
39694
39702
39707
39710
39711
39714
39715
39740
39741
39827
39833
39835
39840
39846
39850
39853
39855
39856
39860
39865
39867
39869
39871
39877
39880
39884
39886
39893
39897
39899
39908
39919
39929
39962
39968
39970
39971
39975
39998
39999
40005
40016
40018
40019
40024
40027
40031
40034
40035
40039
40048
40063
40074
40079
40088
40093
40094
40095
40097
40098
40099
40100
40109
40114
40117
40122
40128
40130
40131
40133
40135
40136
40138
40144
40149
40154
40169
40170
40177
40178
40180
40182
40185
40189
40191
40198
40203
40205
40208
40210
40213
40215
40217
40229
40231
40242
40244
40255
40257
40266
40268
40270
40272
40274
40280
40286
40289
40291
40298
40300
40308
40311
40313
40315
40320
40325
40332
40342
40377
40380
40384
40386
40387
40391
40424
40432
40433
40438
40440
40443
40466
40467
40471
40479
40498
40499
40501
40502
40503
40504
40506
40507
40509
40514
40538
40546
40566
40567
40569
40575
40579
40602
40603
40609
40610
40616
40618
40624
40627
40631
40632
40634
40638
40640
40645
40647
40649
40652
40658
40659
40663
40666
40669
40673
40681
40685
40687
40688
40694
40704
40717
40721
40726
40729
40733
40735
40750
40761
40763
40765
40771
40773
40775
40777
40783
40788
40790
40792
40802
40809
40814
40816
40823
40824
40826
40828
40836
40838
40848
40856
40860
40862
40876
40891
40901
40903
40908
40913
40926
40928
40930
40934
40938
40941
40946
40950
40962
40964
40970
40972
40974
40976
40982
40984
40986
40992
40994
40996
40998
41003
41006
41008
41010
41019
41021
41023
41025
41027
41029
41031
41033
41035
41037
41043
41045
41057
41070
41072
41079
41081
41094
41096
41103
41104
41109
41115
41117
41118
41121
41124
41128
41132
41133
41137
41141
41145
41150
41154
41158
41162
41166
41170
41176
41182
41183
41187
41230
41235
41238
41243
41245
41249
41251
41253
41264
41269
41272
41280
41283
41285
41287
41288
41304
41306
41307
41325
41331
41333
41345
41346
41347
41348
41354
41362
41363
41365
41367
41369
41374
41384
41389
41397
41402
41408
41410
41422
41424
41426
41429
41433
41435
41437
41440
41448
41450
41452
41459
41463
41465
41467
41469
41472
41477
41482
41500
41502
41508
41510
41513
41518
41521
41522
41525
41530
41534
41540
41542
41544
41547
41550
41552
41559
41561
41564
41567
41570
41573
41575
41579
41586
41589
41591
41593
41596
41600
41602
41607
41619
41621
41624
41647
41649
41651
41654
41657
41659
41661
41664
41668
41669
41672
41674
41676
41681
41684
41691
41696
41699
41705
41707
41709
41712
41719
41724
41727
41732
41737
41751
41756
41761
41766
41773
41776
41780
41782
41785
41789
41793
41797
41801
41805
41810
41814
41818
41820
41832
41843
41845
41855
41857
41865
41867
41875
41876
41879
41889
41891
41893
41896
41900
41904
41912
41914
41931
41933
41939
41944
41946
41948
41957
41962
41966
41973
41986
41996
41998
42004
42006
42007
42012
42014
42024
42026
42028
42030
42032
42042
42044
42046
42054
42056
42058
42066
42068
42070
42077
42091
42102
42104
42112
42114
42116
42124
42126
42128
42134
42139
42144
42146
42154
42156
42158
42166
42171
42183
42191
42196
42210
42218
42221
42227
42229
42231
42239
42241
42243
42251
42253
42261
42263
42265
42267
42269
42276
42278
42280
42287
42289
42301
42307
42314
42333
42335
42336
42340
42345
42354
42372
42377
42384
42424
42434
42438
42447
42452
42454
42488
42495
42496
42499
42504
42509
42511
42516
42526
42527
42530
42532
42537
42544
42546
42551
42557
42559
42561
42564
42567
42591
42592
42595
42604
42615
42616
42629
42640
42642
42648
42657
42770
43105
43161
43230
43246
43256
43257
43261
43263
43278
43282
43303
43304
43305
43309
43318
43323
43333
43338
43343
43347
43349
43354
43358
43360
43366
43368
43374
43376
43382
43385
43398
43400
43401
43402
43406
43416
43418
43419
43440
43441
43443
43445
43455
43457
43460
43469
43471
43479
43483
43489
43504
43505
43511
43515
43518
43526
43532
43535
43536
43537
43540
43542
43543
43549
43550
43555
43558
43562
43563
43568
43569
43574
43579
43581
43602
43603
43604
43610
43613
43615
43617
43620
43626
43639
43640
43643
43645
43651
43653
43658
43666
43671
43674
43679
43681
43684
43688
43690
43695
43701
43706
43708
43710
43712
43714
43716
43718
43720
43722
43724
43726
43728
43730
43732
43734
43736
43741
43748
43753
43761
43763
43765
43768
43771
43773
43775
43777
43780
43784
43786
43788
43793
43797
43802
43804
43806
43809
43811
43812
43814
43816
43821
43828
43830
43832
43835
43837
43839
43841
43844
43849
43851
43853
43855
43858
43861
43863
43868
43874
43876
43879
43884
43886
43889
43891
43894
43898
43900
43901
43905
43907
43909
43911
43913
43915
43917
43919
43922
43926
43929
43931
43933
43935
43938
43941
43945
43949
43951
43953
43955
43957
43960
43965
43967
43969
43971
43974
43979
43985
43990
43992
43994
43995
43997
44000
44003
44006
44010
44018
44021
44022
44025
44029
44033
44034
44037
44041
44045
44049
44053
44056
44060
44116
44119
44126
44233
44236
44266
44270
44272
44277
44286
44291
44298
44300
44302
44304
44309
44315
44320
44326
44328
44331
44336
44338
44340
44343
44348
44350
44352
44355
44360
44364
44366
44368
44370
44372
44374
44375
44380
44385
44393
44395
44398
44403
44407
44409
44412
44417
44419
44421
44424
44429
44431
44436
44444
44449
44453
44458
44467
44471
44478
44482
44493
44503
44513
44523
44529
44534
44538
44542
44545
44550
44554
44556
44558
44565
44568
44579
44596
44602
44614
44627
44640
44648
44653
44659
44664
44671
44673
44676
44680
44685
44693
44695
44697
44699
44701
44704
44710
44712
44715
44718
44720
44722
44725
44730
44732
44737
44744
44749
44756
44761
44768
44770
44773
44777
44779
44785
44790
44799
44804
44812
44814
44816
44819
44822
44824
44829
44834
44836
44839
44842
44844
44846
44849
44852
44854
44856
44859
44863
44864
44866
44871
44877
44882
44889
44891
44894
44898
44901
44906
44910
44914
44932
44938
44939
44940
44961
44983
44990
44994
44998
45002
45011
45015
45029
45033
45045
45049
45060
45064
45069
45072
45074
45101
45110
45118
45130
45139
45141
45145
45193
45232
45238
45240
45244
45260
45275
45279
45281
45282
45283
45286
45290
45301
45331
45332
45335
45337
45339
45342
45344
45352
45354
45355
45357
45358
45359
45374
45411
45416
45453
45457
45458
45461
45462
45470
45479
45483
45486
45487
45490
45493
45494
45498
45500
45505
45510
45511
45515
45522
45527
45528
45532
45534
45539
45541
45542
45546
45548
45552
45554
45559
45561
45567
45569
45570
45574
45576
45581
45590
45591
45593
45595
45596
45611
45613
45615
45616
45619
45629
45640
45646
45648
45649
45663
45669
45671
45676
45685
45688
45693
45696
45702
45704
45709
45711
45714
45744
45749
45751
45753
45757
45760
45771
45776
45777
45782
45785
45786
45788
45789
45792
45793
45796
45797
45802
45803
45807
45813
45818
45827
45828
45829
45830
45832
45834
45835
45836
45840
45844
45851
45864
45866
45867
45893
45899
45901
45902
45904
45910
45911
45917
45919
45923
45924
45928
45930
45932
45938
45941
45947
45971
45973
45976
45982
45984
45993
46001
46002
46020
46027
46039
46041
46045
46061
46064
46066
46087
46094
46095
46098
46100
46101
46125
46129
46130
46132
46140
46143
46145
46150
46182
46186
46193
46201
46205
46206
46218
46222
46223
46227
46228
46232
46243
46265
46273
46275
46279
46281
46282
46283
46292
46296
46300
46306
46309
46312
46315
46318
46327
46335
46339
46344
46350
46352
46354
46356
46358
46360
46362
46364
46366
46374
46376
46378
46380
46386
46388
46389
46394
46396
46398
46400
46403
46407
46409
46411
46413
46421
46424
46426
46428
46430
46436
46438
46444
46449
46451
46456
46457
46472
46474
46475
46477
46481
46483
46494
46501
46517
46520
46525
46528
46529
46533
46534
46537
46538
46541
46543
46552
46556
46562
46564
46570
46580
46600
46617
46630
46639
46647
46666
46671
46699
46705
46719
46723
46729
46732
46735
46740
46742
46747
46749
46750
46758
46765
46771
46775
46777
46779
46780
46782
46786
46787
46791
46793
46795
46796
46799
46802
46803
46804
46821
46826
46848
46853
46865
46869
46877
46881
46882
46883
46884
46888
46902
46906
46908
46910
46926
46933
46938
46940
46946
46948
46959
46961
46972
46975
46979
46989
47005
47009
47016
47031
47050
47052
47061
47078
47093
47097
47104
47112
47114
47115
47118
47119
47123
47124
47127
47130
47133
47142
47155
47164
47165
47166
47169
47175
47179
47185
47197
47199
47201
47202
47222
47224
47227
47242
47248
47264
47265
47268
47269
47275
47288
47298
47303
47305
47313
47317
47347
47348
47356
47366
47371
47374
47376
47377
47382
47383
47385
47389
47396
47397
47408
47414
47419
47421
47422
47433
47436
47438
47440
47442
47447
47459
47466
47467
47468
47469
47472
47476
47480
47497
47498
47508
47516
47517
47519
47521
47523
47525
47526
47528
47530
47534
47536
47538
47542
47546
47549
47553
47559
47561
47564
47567
47569
47571
47581
47587
47590
47595
47598
47600
47601
47608
47610
47619
47621
47630
47632
47638
47640
47642
47651
47653
47666
47668
47670
47678
47680
47681
47689
47691
47693
47708
47710
47715
47716
47717
47719
47720
47724
47726
47731
47741
47742
47745
47754
47755
47762
47766
47775
47782
47784
47788
47789
47796
47804
47805
47822
47825
47827
47828
47833
47835
47836
47852
47857
47873
47874
47895
47905
47942
47944
47969
47974
47993
48038
48042
48044
48049
48063
48065
48067
48068
48070
48071
48075
48077
48080
48087
48093
48096
48113
48116
48122
48128
48129
48136
48139
48141
48145
48148
48156
48158
48160
48164
48227
48237
48248
48259
48273
48279
48281
48287
48288
48289
48292
48296
48299
48302
48304
48307
48313
48316
48319
48325
48326
48329
48333
48341
48342
48345
48378
48389
48390
48400
48410
48412
48417
48420
48430
48436
48438
48439
48458
48465
48470
48473
48476
48479
48484
48496
48500
48504
48505
48507
48509
48511
48513
48515
48518
48531
48542
48546
48548
48558
48575
48584
48598
48609
48610
48611
48612
48615
48635
48656
48661
48662
48667
48692
48715
48720
48727
48752
48753
48754
48757
48772
48780
48782
48783
48801
48802
48815
48823
48824
48850
48853
48858
48862
48867
48874
48875
48877
48881
48884
48891
48892
48893
48897
48898
48904
48907
48932
48938
48950
48951
48954
48964
48971
48980
48991
48995
48997
49001
49003
49004
49005
49009
49012
49015
49016
49018
49022
49040
49041
49045
49056
49070
49076
49077
49079
49080
49082
49083
49084
49088
49092
49103
49109
49113
49117
49124
49126
49128
49130
49132
49133
49138
49143
49145
49147
49149
49151
49153
49154
49159
49162
49165
49170
49174
49177
49182
49201
49210
49211
49214
49219
49231
49233
49234
49238
49239
49242
49244
49251
49258
49259
49264
49275
49293
49300
49301
49305
49310
49315
49322
49327
49329
49330
49332
49333
49337
49351
49355
49359
49362
49365
49377
49383
49388
49392
49396
49401
49402
49408
49415
49419
49422
49424
49425
49426
49431
49456
49498
49500
49502
49540
49565
49567
49586
49603
49607
49613
49624
49625
49628
49630
49631
49632
49685
49700
49707
49715
49718
49744
49762
49775
49776
49796
49804
49808
49812
49827
49829
49832
49835
49837
49855
49874
49922
49926
49940
49958
49960
49969
49970
49991
50004
50013
50016
50018
50031
50035
50039
50042
50043
50045
50102
50136
50150
50154
50157
50166
50173
50175
50180
50181
50183
50201
50208
50210
50213
50214
50217
50220
50222
50225
50226
50230
50248
50290
50292
50304
50307
50337
50342
50349
50382
50385
50388
50392
50393
50394
50405
50407
50416
50420
50421
50422
50425
50426
50427
50431
50432
50433
