44
93
147
216
287
296
319
328
347
412
464
473
550
640
710
770
810
879
891
909
1092
1179
1200
1308
1386
1403
1451
1529
1536
1589
1613
1732
1747
1756
1960
1987
2072
2113
2144
2150
2163
2169
2170
2171
2172
2187
2196
2202
2214
2215
2220
2221
2236
2243
2248
2272
2277
2282
2283
2312
2315
2321
2338
2346
2377
2387
2419
2428
2444
2480
2654
2663
2739
2936
2963
2969
2989
3023
3030
3060
3069
3072
3087
3088
3091
3119
3136
3140
3142
3156
3157
3158
3163
3166
3172
3174
3178
3179
3183
3186
3189
3190
3191
3194
3196
3205
3206
3207
3208
3209
3210
3212
3213
3216
3219
3222
3224
3226
3239
3263
3270
3289
3291
3292
3300
3312
3313
3321
3326
3339
3344
3345
3353
3363
3365
3382
3383
3396
3398
3401
3409
3410
3411
3412
3418
3419
3423
3433
3438
3451
3454
3457
3458
3460
3461
3497
3503
3509
3524
3530
3533
3536
3538
3543
3544
3546
3552
3557
3570
3595
3597
3599
3625
3628
3637
3651
3654
3658
3664
3666
3671
3674
3682
3697
3701
3703
3707
3710
3713
3726
3744
3745
3746
3756
3757
3763
3767
3769
3779
3780
3785
3787
3788
3805
3811
3812
3814
3815
3818
3826
3834
3837
3841
3855
3861
3871
3872
3883
3920
3923
3925
3928
3948
3955
3956
3958
3968
3969
3970
3971
3972
3973
3989
3995
4004
4009
4016
4033
4034
4038
4041
4050
4052
4064
4076
4080
4087
4089
4091
4093
4101
4103
4108
4121
4136
4137
4141
4143
4145
4147
4153
4162
4163
4164
4168
4175
4177
4179
4181
4184
4189
4190
4200
4201
4203
4214
4215
4216
4222
4224
4233
4244
4245
4248
4251
4259
4260
4261
4262
4264
4274
4275
4281
4284
4286
4291
4299
4306
4307
4311
4312
4318
4329
4334
4335
4338
4340
4346
4347
4354
4367
4381
4390
4395
4400
4402
4406
4407
4414
4415
4418
4446
4448
4452
4457
4467
4470
4471
4473
4479
4483
4484
4489
4508
4510
4511
4516
4536
4560
4564
4565
4566
4583
4599
4600
4602
4603
4604
4605
4610
4612
4619
4620
4625
4628
4629
4630
4633
4634
4643
4650
4655
4657
4662
4666
4689
4713
4716
4740
4749
4750
4751
4758
4776
4786
4800
4805
4807
4810
4820
4824
4831
4832
4833
4834
4840
4842
4845
4850
4860
4861
4870
4872
4877
4884
4887
4895
4896
4904
4915
4928
4932
4934
4938
4940
4942
4946
4955
4960
4962
4964
4974
4975
4980
4983
4991
4998
4999
5000
5002
5004
5013
5029
5042
5049
5050
5059
5062
5070
5072
5075
5084
5092
5108
5111
5113
5123
5125
5130
5132
5133
5134
5142
5144
5151
5155
5165
5168
5180
5187
5193
5199
5216
5218
5239
5246
5252
5265
5270
5272
5285
5289
5290
5295
5296
5319
5323
5332
5337
5338
5346
5349
5350
5352
5353
5356
5364
5388
5389
5392
5398
5411
5416
5425
5432
5433
5451
5462
5466
5470
5476
5477
5479
5480
5488
5505
5518
5520
5533
5536
5542
5547
5551
5563
5564
5566
5568
5572
5576
5583
5587
5590
5609
5612
5615
5616
5631
5656
5674
5676
5677
5680
5683
5695
5702
5703
5711
5716
5718
5727
5732
5736
5738
5761
5765
5768
5770
5771
5772
5780
5781
5787
5789
5791
5805
5811
5815
5831
5840
5845
5848
5851
5853
5854
5861
5865
5867
5868
5875
5878
5897
5903
5905
5912
5914
5931
5937
5941
5942
5943
5946
5948
5949
5956
5960
5966
5970
5971
5987
5989
5994
5995
5996
6026
6036
6055
6057
6082
6088
6089
6109
6113
6115
6116
6123
6124
6127
6129
6132
6134
6136
6148
6153
6161
6163
6165
6192
6197
6200
6204
6210
6221
6223
6226
6227
6250
6255
6262
6264
6282
6298
6305
6309
6312
6320
6323
6339
6345
6346
6349
6354
6355
6362
6373
6378
6381
6382
6390
6392
6394
6397
6398
6405
6408
6413
6416
6422
6429
6432
6436
6447
6449
6459
6461
6469
6479
6481
6486
6490
6494
6497
6507
6520
6532
6537
6540
6541
6544
6557
6578
6580
6612
6620
6623
6634
6644
6649
6650
6654
6657
6660
6669
6688
6690
6693
6703
6704
6706
6713
6719
6728
6730
6749
6752
6753
6759
6762
6763
6768
6771
6776
6777
6780
6789
6791
6793
6799
6803
6810
6837
6838
6843
6846
6847
6851
6854
6856
6859
6862
6870
6871
6877
6885
6891
6905
6912
6918
6940
6943
6948
6950
6951
6953
6957
6962
6968
6971
6978
6979
6990
6995
7009
7013
7022
7024
7049
7050
7052
7055
7067
7068
7074
7075
7080
7081
7083
7088
7096
7101
7106
7114
7121
7137
7138
7139
7146
7151
7153
7162
7163
7166
7167
7169
7173
7175
7180
7186
7187
7188
7189
7198
7220
7228
7233
7234
7236
7240
7256
7259
7262
7269
7273
7286
7293
7296
7315
7316
7330
7331
7353
7375
7383
7385
7398
7401
7404
7408
7415
7416
7417
7419
7424
7425
7428
7429
7438
7448
7453
7458
7459
7472
7476
7484
7501
7514
7530
7531
7535
7546
7548
7552
7560
7577
7587
7589
7593
7598
7606
7616
7620
7623
7627
7641
7647
7649
7650
7657
7664
7668
7669
7670
7672
7676
7677
7680
7689
7717
7721
7723
7734
7744
7745
7747
7750
7752
7755
7757
7771
7781
7792
7793
7794
7809
7817
7819
7820
7821
7836
7849
7851
7857
7861
7863
7864
7865
7879
7880
7885
7886
7899
7903
7905
7913
7928
7932
7937
7940
7943
7944
7950
7951
7959
7960
7961
7966
7967
7973
7975
7980
7993
7994
7995
7996
7997
8013
8015
8024
8035
8037
8046
8067
8076
8083
8087
8092
8094
8095
8096
8097
8102
8104
8105
8106
8114
8115
8119
8127
8130
8131
8132
8146
8148
8150
8158
8174
8183
8190
8196
8205
8215
8218
8222
8224
8237
8239
8242
8249
8260
8275
8276
8277
8289
8291
8303
8313
8316
8326
8328
8330
8333
8341
8342
8350
8355
8357
8358
8360
8369
8371
8376
8377
8378
8380
8382
8402
8403
8408
8419
8432
8433
8437
8438
8440
8468
8474
8482
8487
8490
8491
8503
8504
8507
8508
8516
8522
8525
8527
8531
8539
8544
8549
8556
8569
8570
8572
8606
8617
8620
8636
8641
8646
8667
8669
8673
8683
8694
8695
8706
8721
8724
8725
8733
8742
8743
8753
8756
8757
8760
8780
8781
8783
8786
8788
8790
8795
8809
8825
8827
8829
8846
8855
8863
8877
8892
8899
8911
8912
8928
8930
8941
8947
8955
8963
8966
8968
8979
8986
9002
9015
9019
9025
9026
9030
9035
9038
9039
9050
9052
9053
9054
9062
9069
9070
9075
9083
9095
9099
9100
9107
9110
9111
9114
9123
9130
9134
9135
9148
9150
9154
9157
9162
9174
9176
9205
9208
9210
9216
9225
9227
9228
9238
9280
9282
9283
9284
9292
9298
9301
9302
9306
9308
9322
9329
9348
9352
9358
9369
9392
9394
9396
9397
9401
9407
9410
9414
9418
9419
9423
9434
9446
9450
9455
9460
9463
9465
9477
9478
9486
9506
9507
9509
9518
9523
9526
9536
9540
9541
9553
9556
9557
9561
9562
9579
9583
9586
9589
9590
9612
9618
9624
9627
9630
9632
9645
9649
9650
9655
9661
9670
9685
9688
9695
9702
9720
9721
9722
9723
9726
9727
9729
9735
9760
9766
9768
9769
9774
9777
9778
9792
9804
9809
9811
9814
9816
9828
9832
9835
9836
9847
9870
9873
9875
9884
9900
9907
9911
9913
9921
9935
9957
9967
9969
9973
9978
10010
10012
10015
10016
10027
10028
10033
10050
10059
10064
10065
10069
10070
10071
10083
10084
10085
10087
10097
10105
10110
10113
10116
10117
10134
10138
10142
10148
10150
10153
10156
10172
10173
10177
10180
10181
10183
10213
10229
10231
10243
10248
10250
10251
10271
10275
10291
10293
10297
10302
10304
10308
10311
10313
10315
10316
10326
10341
10344
10346
10353
10354
10355
10358
10359
10361
10368
10394
10411
10423
10434
10447
10449
10452
10453
10465
10466
10471
10472
10473
10474
10483
10488
10492
10493
10494
10496
10511
10524
10533
10535
10543
10551
10557
10558
10566
10584
10612
10621
10622
10625
10629
10635
10637
10639
10641
10649
10654
10667
10678
10687
10701
10702
10708
10712
10714
10715
10716
10724
10725
10726
10729
10738
10739
10745
10759
10792
10804
10824
10834
10841
10851
10862
10866
10871
10876
10878
10888
10889
10891
10894
10913
10915
10936
10944
10950
10953
10980
10981
11002
11003
11005
11008
11009
11017
11021
11033
11044
11049
11055
11061
11066
11068
11069
11073
11076
11081
11085
11094
11102
11103
11109
11110
11113
11117
11118
11127
11131
11134
11135
11140
11143
11151
11158
11167
11174
11188
11189
11190
11192
11197
11217
11218
11220
11221
11223
11224
11225
11228
11233
11237
11242
11254
11263
11264
11275
11280
11284
11285
11292
11299
11302
11304
11310
11320
11322
11323
11325
11326
11342
11345
11350
11357
11373
11379
11391
11394
11395
11402
11414
11416
11421
11422
11427
11444
11448
11455
11460
11468
11483
11489
11502
11503
11509
11514
11521
11524
11527
11529
11531
11532
11533
11539
11540
11545
11549
11552
11562
11569
11577
11581
11583
11585
11594
11597
11608
11622
11623
11634
11646
11669
11670
11673
11685
11690
11691
11693
11694
11700
11701
11703
11704
11705
11715
11720
11726
11731
11734
11736
11740
11749
11758
11763
11766
11778
11791
11792
11796
11816
11820
11825
11829
11830
11832
11840
11841
11843
11854
11858
11865
11868
11874
11877
11879
11884
11887
11889
11900
11926
11927
11941
11943
11951
11955
11958
11975
11984
12009
12015
12016
12020
12023
12041
12042
12043
12045
12050
12052
12060
12068
12081
12085
12086
12087
12091
12105
12110
12111
12126
12131
12134
12138
12139
12144
12151
12165
12173
12177
12178
12186
12206
12223
12228
12236
12239
12242
12245
12256
12258
12262
12265
12273
12278
12282
12287
12290
12293
12334
12343
12350
12355
12359
12360
12361
12369
12375
12377
12383
12384
12386
12388
12390
12391
12448
12450
12463
12464
12467
12469
12473
12484
12489
12512
12574
12646
12659
12740
12743
12753
12777
12782
12818
12835
12844
12852
12854
12875
12881
13002
13003
13049
13063
