4
9
14
15
30
31
32
33
51
65
72
81
88
90
94
103
110
118
128
136
138
144
145
153
157
161
164
170
173
174
175
177
178
184
189
198
203
205
207
227
229
231
232
235
237
252
256
261
263
265
266
269
270
271
272
273
279
282
283
285
292
293
294
303
306
307
308
312
313
315
320
324
329
335
336
338
340
344
345
346
364
365
366
368
370
372
373
375
379
382
383
384
387
389
390
391
392
395
397
401
402
408
409
411
419
421
423
425
426
427
430
431
432
434
435
437
438
440
442
444
446
447
448
460
461
462
465
466
467
468
469
470
471
477
479
480
484
487
489
494
495
496
501
502
503
504
505
506
507
508
511
513
519
521
524
525
526
535
538
540
541
546
547
558
563
564
565
568
577
578
583
593
596
604
606
609
622
623
624
639
642
650
651
677
681
696
698
712
723
746
749
755
793
794
796
801
821
834
840
846
860
863
886
889
890
898
903
905
914
918
922
927
930
933
936
938
955
960
962
965
966
976
989
1006
1007
1017
1018
1031
1041
1051
1052
1063
1068
1075
1081
1085
1089
1090
1106
1125
1127
1143
1144
1147
1156
1158
1165
1189
1198
1207
1208
1212
1213
1220
1233
1234
1243
1252
1253
1255
1257
1259
1260
1264
1267
1276
1282
1283
1284
1288
1295
1300
1304
1332
1339
1340
1343
1350
1351
1357
1366
1389
1399
1402
1410
1422
1423
1435
1437
1442
1448
1449
1455
1456
1468
1494
1496
1507
1520
1530
1543
1546
1553
1554
1562
1584
1587
1588
1590
1601
1605
1606
1608
1632
1633
1635
1636
1641
1648
1653
1666
1670
1727
1734
1738
1739
1770
1772
1774
1781
1801
1809
1829
1830
1834
1847
1850
1852
1853
1858
1864
1873
1897
1902
1904
1907
1910
1915
1926
1930
1931
1932
1937
1979
1982
1986
2014
2019
2029
2065
2075
2151
2153
2160
2167
2168
2176
2188
2192
2216
2222
2226
2239
2247
2254
2260
2265
2267
2270
2290
2291
2300
2304
2306
2307
2314
2325
2329
2331
2333
2334
2350
2356
2362
2367
2373
2383
2385
2398
2399
2400
2401
2411
2421
2422
2423
2435
2437
2438
2442
2453
2457
2465
2488
2500
2506
2511
2513
2523
2531
2535
2547
2568
2570
2573
2577
2586
2589
2592
2595
2600
2610
2612
2619
2623
2636
2646
2655
2670
2671
2722
2729
2799
2879
2884
2918
2923
2925
2930
2934
2940
2944
2945
2954
2955
2956
2965
2972
2975
2976
2987
2994
3002
3012
3022
3041
3055
3057
3061
3200
3235
3280
3349
3436
3437
3442
3496
3516
3532
3572
3586
3614
3644
3647
3700
3709
3798
3804
3819
3833
3835
3878
3904
3911
3929
4018
4065
4068
4069
4092
4117
4122
4176
4204
4217
4230
4314
4396
4578
4586
4587
4715
4717
4722
4819
4889
4912
4918
4925
4933
5007
5119
5209
5210
5211
5212
5213
5214
5224
5231
5254
5308
5331
5333
5351
5354
5375
5418
5460
5492
5567
5639
5721
5945
5947
5976
5977
6023
6024
6083
6086
6189
6191
6193
6242
6248
6324
6424
6440
6471
6493
6528
6536
6586
6588
6592
6625
6717
6731
6739
6819
6850
6878
6883
6922
6924
6939
6966
6977
7025
7195
7241
7336
7382
7465
7483
7528
7544
7558
7632
7732
7742
7765
7777
7914
7948
8017
8063
8066
8080
8108
8109
8112
8155
8175
8189
8198
8203
8246
8254
8258
8285
8374
8393
8441
8442
8479
8493
8496
8526
8537
8547
8584
8611
8618
8623
8626
8705
8734
8762
8763
8769
8803
8858
8914
8935
8943
8973
9033
9034
9138
9139
9223
9324
9500
9587
9593
9638
9711
9794
9798
9831
9833
9841
9883
9894
9955
9960
9993
10022
10088
10103
10143
10157
10158
10159
10195
10209
10240
10303
10318
10360
10417
10422
10522
10568
10620
10652
10741
10746
10780
10781
10783
10784
10791
10813
10845
10850
10922
10932
10974
11004
11077
11114
11214
11232
11261
11273
11327
11506
11520
11563
11571
11678
11680
11710
11713
11782
11803
11807
11812
11853
11860
11964
11974
11990
12037
12080
12157
12158
12166
12190
12192
12196
12296
12314
12332
12379
12380
12393
12403
12423
12433
12490
12501
12511
12524
12534
12554
12586
12598
12622
12629
12652
12655
12669
12670
12674
12678
12680
12689
12692
12729
12730
12732
12733
12757
12769
12779
12790
12796
12801
12825
12831
12846
12858
12867
12868
12869
12887
12888
12897
12902
12918
12925
12940
12949
12953
12955
12956
12957
12958
12960
12961
12962
12963
12964
12967
12968
12969
12970
12971
12974
12975
12977
12978
12985
12986
12988
12989
12991
12993
12994
12995
12996
12997
12998
13001
13004
13011
13013
13014
13016
13017
13018
13022
13023
13025
13028
13029
13032
13034
13037
13038
13039
13040
13042
13043
13044
13047
13048
13050
13051
13059
13061
13062
13068
13072
13073
13074
13075
13076
13077
13079
