3
8
11
38
62
80
98
115
119
143
180
210
217
242
262
276
278
281
291
359
361
362
369
396
415
456
509
527
529
533
554
559
570
611
675
702
715
777
780
811
833
849
862
870
980
985
1016
1024
1040
1043
1049
1053
1057
1058
1064
1088
1099
1107
1135
1137
1151
1154
1157
1171
1173
1196
1216
1242
1286
1287
1307
1309
1318
1325
1359
1364
1393
1396
1408
1420
1424
1458
1469
1476
1480
1509
1527
1603
1616
1644
1652
1654
1669
1675
1684
1698
1702
1705
1708
1728
1757
1759
1763
1773
1785
1800
1808
1817
1820
1851
1866
1874
1877
1885
1919
1955
1969
1981
1996
2003
2052
2178
2185
2223
2230
2241
2251
2255
2262
2269
2293
2317
2359
2360
2366
2376
2403
2417
2446
2447
2473
2483
2548
2560
2622
2643
2664
2677
2709
2761
2767
2779
2789
2808
2824
2860
2864
2865
2904
2949
2950
2951
2966
2990
2996
3005
3007
3043
3073
3092
3101
3120
3143
3240
3241
3257
3258
3259
3260
3261
3262
3265
3352
3381
3425
3432
3441
3464
3520
3541
3659
3660
3668
3686
3687
3692
3722
3741
3775
3776
3836
3850
3863
3990
4007
4010
4044
4090
4207
4208
4209
4240
4247
4252
4303
4373
4374
4375
4382
4383
4412
4419
4428
4449
4503
4504
4533
4535
4557
4589
4590
4591
4593
4622
4624
4626
4627
4682
4724
4729
4733
4734
4762
4765
4780
4900
4916
5016
5043
5044
5045
5074
5076
5112
5153
5203
5208
5245
5266
5336
5370
5421
5439
5490
5491
5513
5559
5570
5585
5690
5698
5740
5790
5801
5802
5803
5804
5806
5808
5813
5824
5825
5827
5944
5991
6007
6029
6031
6032
6035
6037
6042
6048
6049
6050
6051
6052
6114
6135
6203
6208
6230
6233
6293
6327
6328
6329
6330
6331
6348
6363
6437
6478
6483
6496
6546
6561
6566
6595
6610
6619
6648
6656
6658
6685
6735
6738
6740
6741
6750
6769
6773
6781
6800
6864
6865
6899
6929
6933
6936
6944
6985
7012
7015
7036
7054
7093
7097
7098
7145
7157
7174
7178
7213
7251
7303
7313
7323
7355
7365
7393
7440
7451
7510
7524
7557
7601
7691
7701
7722
7772
7773
7780
7784
7796
7810
7827
7833
7846
7856
7867
7877
7878
7902
7919
8077
8100
8139
8141
8142
8149
8161
8172
8230
8233
8236
8263
8265
8266
8311
8340
8352
8407
8411
8421
8452
8480
8481
8483
8484
8520
8554
8603
8607
8609
8613
8616
8651
8715
8739
8741
8747
8784
8835
8836
8861
8875
8876
8925
8959
9003
9027
9097
9098
9136
9158
9198
9214
9251
9253
9255
9271
9272
9275
9276
9277
9303
9323
9327
9330
9333
9360
9371
9417
9421
9428
9480
9530
9676
9732
9740
9741
9746
9749
9782
9797
9799
9821
9822
9823
9857
9881
9905
9943
9983
9985
9995
9996
10000
10094
10112
10140
10145
10146
10215
10277
10319
10386
10398
10399
10431
10432
10437
10438
10481
10484
10498
10499
10500
10653
10668
10680
10732
10737
10763
10769
10777
10785
10808
10856
10892
10935
10939
10956
10963
10964
10985
10997
11010
11030
11039
11074
11084
11098
11116
11119
11244
11267
11306
11334
11341
11371
11374
11426
11469
11486
11491
11492
11493
11494
11495
11570
11611
11616
11636
11648
11672
11746
11774
11800
11801
11811
11813
11828
11846
11849
11850
11866
11937
11938
11946
11962
11982
11987
12027
12057
12066
12077
12135
12180
12305
12338
12348
12370
12373
12414
12441
12527
12539
12624
12630
12638
12649
12663
12677
12721
12738
12739
12752
12787
12874
12900
12931
12947
12959
12984
13010
13033
13060
13064
