0
1
2
5
9
19
20
21
22
23
24
25
29
30
32
36
38
39
43
44
48
50
55
59
60
66
67
68
69
70
72
81
90
95
96
134
139
141
146
156
159
179
185
186
191
198
201
206
207
210
220
221
222
223
224
225
227
231
237
238
247
248
249
250
253
254
262
265
266
270
271
272
273
274
275
276
278
279
280
281
283
284
285
286
287
288
289
290
291
292
293
294
295
296
297
298
299
300
301
302
303
304
305
306
307
310
314
329
347
350
352
353
354
355
356
357
358
365
366
367
368
371
374
378
393
399
405
406
408
410
411
413
414
436
440
442
443
445
446
448
449
450
452
461
463
471
475
479
481
482
495
497
498
501
503
506
510
512
514
527
532
540
542
545
547
551
552
553
557
561
562
565
566
567
568
569
579
586
590
597
601
602
604
605
613
616
624
629
638
641
647
651
664
666
669
673
677
679
683
687
690
696
697
705
706
707
711
712
722
727
739
741
743
746
756
757
761
764
766
767
776
784
786
787
788
792
799
809
811
812
814
816
827
848
851
856
857
863
864
867
869
872
874
877
884
900
905
915
919
962
973
979
982
988
994
996
999
1020
1026
1027
1031
1034
1036
1038
1039
1040
1041
1042
1043
1044
1046
1047
1048
1050
1053
1059
1061
1062
1063
1064
1065
1066
1067
1068
1069
1070
1071
1072
1073
1074
1075
1076
1077
1079
1080
1095
1098
1111
1112
1114
1116
1119
1120
1121
1122
1123
1124
1125
1126
1127
1129
1131
1132
1133
1134
1135
1136
1137
1138
1139
1140
1141
1142
1143
1144
1165
1169
1170
1173
1175
1176
1177
1178
1179
1180
1181
1182
1183
1184
1185
1186
1187
1188
1189
1191
1195
1200
1204
1205
1206
1208
1216
1222
1225
1228
1230
1233
1235
1238
1240
1243
1244
1249
1276
1278
1281
1288
1293
1298
1299
1304
1306
1309
1313
1318
1319
1344
1354
1355
1372
1377
1382
1383
1397
1399
1401
1402
1403
1405
1408
1410
1412
1413
1415
1416
1428
1436
1450
1454
1458
1472
1485
1492
1501
1506
1520
1532
1540
1549
1551
1563
1564
1567
1569
1584
1585
1586
1594
1625
1627
1628
1633
1636
1643
1657
1658
1659
1662
1663
1664
1665
1666
1667
1668
1669
1673
1677
1678
1681
1685
1686
1688
1689
1690
1695
1699
1703
1704
1705
1717
1723
1724
1725
1726
1727
1731
1732
1740
1741
1748
1750
1752
1755
1756
1757
1759
1760
1763
1771
1773
1774
1783
1785
1789
1798
1799
1806
1808
1809
1812
1817
1820
1823
1825
1826
1828
1834
1841
1843
1844
1848
1862
1864
1865
1866
1867
1868
1869
1870
1871
1878
1882
1902
1904
1906
1922
1923
1931
1932
1933
1934
1935
1936
1937
1938
1943
1968
1975
1977
1978
1980
1981
1982
1983
1986
1988
1994
1996
1997
2003
2004
2014
2028
2029
2034
2035
2036
2037
2043
2045
2047
2061
2063
2064
2067
2072
2073
2079
2083
2092
2093
2104
2111
2113
2117
2120
2121
2124
2128
2136
2141
2144
2150
2155
2160
2165
2167
2172
2174
2187
2191
2218
2228
2238
2241
2269
2279
2285
2298
2323
2338
2342
2345
2350
2351
2356
2361
2364
2371
2373
2382
2388
2392
2395
2397
2416
2436
2444
2455
2456
2469
2475
2493
2517
2533
2543
2544
2547
2548
2550
2551
2552
2555
2556
2557
2558
2559
2569
2575
2577
2584
2585
2600
2603
2605
2608
2636
2638
2642
2643
2649
2651
2654
2659
2662
2663
2671
2674
2683
2686
2694
2700
2701
2703
2706
2707
2709
2710
2711
2713
2718
2723
2737
2739
2741
2742
2743
2746
2750
2751
2759
2765
2767
2768
2769
2772
2774
2777
2789
2790
2792
2803
2804
2805
2806
2813
2814
2816
2819
2820
2821
2822
2830
2832
2833
2834
2836
2837
2839
2840
2841
2844
2851
2853
2855
2862
2869
2885
2888
2889
2891
2894
2899
2900
2902
2903
2904
2905
2906
2907
2908
2909
2910
2911
2914
2919
2921
2923
2925
2927
2928
2930
2932
2934
2938
2939
2940
2941
2944
2945
2948
2949
2950
2953
2954
2955
2957
2964
2965
2968
2969
2970
2972
2973
2974
2975
2977
2979
2981
2982
2984
2987
2989
2990
2992
2994
2995
2996
3001
3002
3003
3004
3005
3006
3007
3008
3009
3013
3014
3015
3016
3017
3018
3022
3023
3026
3028
3029
3030
3031
3032
3034
3035
3036
3038
3043
3047
3048
3071
3073
3078
3080
3081
3082
3083
3084
3085
3086
3087
3088
3089
3090
3091
3093
3094
3096
3097
3101
3102
3109
3122
3134
3137
3139
3142
3148
3151
3162
3172
3174
3175
3179
3186
3187
3189
3190
3191
3192
3193
3194
3204
3222
3227
3231
3233
3234
3238
3245
3246
3247
3249
3250
3251
3252
3253
3256
3257
3259
3260
3261
3262
3263
3264
3271
3276
3277
3287
3288
3289
3293
3298
3301
3320
3321
3326
3327
3332
3334
3337
3341
3352
3357
3358
3365
3366
3370
3371
3374
3375
3378
3391
3398
3420
3421
3424
3425
3426
3427
3428
3436
3447
3448
3450
3453
3473
3479
3501
3502
3530
3532
3542
3546
3555
3556
3566
3568
3571
3586
3588
3590
3591
3596
3598
3600
3605
3609
3610
3614
3616
3624
3643
3644
3654
3661
3667
3705
3717
3750
3765
3768
3771
3772
3776
3777
3779
3780
3781
3785
3789
3790
3793
3795
3799
3800
3816
3817
3821
3822
3823
3825
3827
3828
3829
3833
3854
3857
3858
3859
3860
3862
3865
3874
3877
3879
3886
3890
3900
3905
3908
3910
3911
3912
3913
3921
3922
3927
3928
3942
3943
3944
3945
3947
3948
3949
3950
3951
3952
3953
3954
3957
3958
3959
3960
3961
3962
3963
3964
3965
3966
3967
3968
3971
3974
4007
4012
4014
4016
4019
4023
4029
4035
4042
4048
4049
4050
4051
4052
4053
4054
4055
4056
4058
4059
4060
4061
4062
4063
4064
4065
4067
4074
4075
4076
4080
4081
4083
4086
4093
4094
4095
4096
4097
4104
4106
4108
4112
4113
4134
4141
4148
4149
4151
4154
4155
4157
4162
4163
4168
4171
4174
4175
4178
4179
4185
4192
4197
4202
4203
4205
4209
4210
4213
4215
4218
4221
4222
4238
4241
4242
4243
4245
4248
4251
4253
4255
4256
4257
4258
4259
4260
4262
4264
4265
4272
4278
4289
4290
4296
4305
4309
4311
4312
4316
4318
4319
4321
4322
4323
4326
4330
4331
4332
4333
4334
4335
4337
4339
4340
4343
4345
4346
4349
4351
4354
4355
4357
4358
4360
4363
4368
4377
4379
4381
4384
4395
4396
4400
4406
4407
4411
4412
4414
4416
4417
4419
4421
4422
4424
4425
4428
4430
4434
4437
4438
4440
4441
4448
4455
4459
4482
4484
4491
4495
4500
4501
4504
4505
4506
4507
4508
4509
4510
4513
4516
4517
4524
4528
4529
4531
4535
4536
4538
4540
4541
4544
4557
4563
4566
4577
4580
4583
4585
4586
4587
4588
4591
4592
4601
4613
4614
4615
4616
4617
4619
4620
4624
4629
4631
4632
4633
4634
4637
4643
4644
4645
4646
4670
4673
4700
4703
4704
4705
4706
4714
4715
4719
4720
4721
4722
4732
4734
4736
4737
4739
4742
4744
4747
4748
4749
4753
4754
4764
4777
4778
4779
4805
4807
4808
4809
4810
4811
4814
4817
4819
4825
4826
4827
4832
4837
4838
4842
4850
4860
4867
4868
4879
4881
4883
4887
4888
4891
4893
4894
4896
4899
4903
4907
4919
4927
4938
4939
4940
4945
4947
4949
4953
4955
4958
4961
4962
4983
4987
5004
5005
5025
5034
5055
5061
5063
5081
5082
5083
5087
5088
5089
5104
5108
5109
5110
5111
5113
5124
5127
5130
5131
5132
5134
5135
5138
5139
5142
5144
5151
5152
5154
5155
5156
5157
5158
5159
5160
5161
5162
5163
5164
5166
5167
5168
5169
5170
5171
5172
5173
5174
5175
5177
5178
5179
5180
5182
5183
5186
5188
5192
5194
5195
5196
5199
5200
5202
5203
5218
5220
5223
5226
5227
5228
5234
5237
5239
5242
5243
5244
5249
5250
5254
5255
5256
5257
5258
5259
5260
5261
5262
5263
5264
5265
5266
5267
5268
5272
5275
5290
5291
5293
5297
5298
5300
5301
5302
5305
5309
5313
5314
5316
5317
5320
5321
5322
5323
5324
5325
5326
5331
5333
5335
5339
5348
5350
5355
5357
5359
5360
5361
5362
5364
5365
5367
5369
5375
5378
5383
5384
5390
5391
5392
5395
5396
5398
5400
5406
5407
5408
5409
5410
5411
5412
5413
5417
5418
5420
5422
5423
5425
5426
5431
5432
5433
5434
5436
5440
5442
5444
5445
5448
5449
5452
5455
5456
5464
5467
5473
5477
5479
5483
5485
5488
5489
5490
5491
5493
5496
5497
5499
5500
5502
5503
5507
5513
5514
5518
5519
5521
5523
5524
5525
5526
5530
5532
5533
5534
5535
5536
5538
5540
5541
5542
5543
5544
5548
5549
5550
5552
5554
5555
5559
5560
5563
5564
5568
5589
5593
5596
5597
5617
5620
5621
5622
5623
5644
5645
5648
5654
5655
5656
5657
5658
5659
5660
5662
5663
5665
5666
5667
5668
5670
5673
5674
5676
5679
5683
5684
5692
5696
5697
5698
5699
5705
5712
5716
5717
5720
5749
5772
5774
5775
5786
5787
5788
5789
5790
5793
5794
5795
5796
5797
5798
5799
5801
5802
5803
5804
5805
5806
5807
5808
5809
5812
5813
5814
5815
5816
5817
5818
5819
5820
5829
5840
5843
5855
5857
5859
5860
5862
5864
5865
5869
5871
5873
5875
5878
5879
5880
5881
5884
5885
5886
5887
5892
5893
5899
5906
5911
5920
5924
5925
5938
5939
5945
5946
5947
5948
5949
5953
5954
5955
5956
5957
5959
5960
5965
5967
5968
5969
5970
5972
5975
5977
5979
5985
5986
5987
5988
5989
5994
5995
5996
5997
5998
5999
6000
6002
6003
6004
6005
6006
6009
6010
6011
6012
6013
6015
6016
6017
6018
6019
6020
6021
6022
6023
6024
6025
6026
6032
6034
6035
6036
6037
6042
6052
6053
6054
6055
6056
6057
6060
6061
6062
6063
6064
6067
6071
6077
6080
6094
6103
6115
6118
6123
6124
6125
6126
6133
6135
6136
6138
6139
6144
6146
6148
6152
6153
6154
6155
6156
6157
6158
6159
6161
6162
6164
6165
6166
6167
6170
6171
6172
6175
6177
6178
6180
6182
6184
6186
6187
6190
6193
6194
6195
6196
6197
6198
6199
6200
6201
6202
6203
6204
6205
6206
6207
6208
6210
6211
6213
6214
6216
6217
6218
6219
6220
6221
6222
6223
6225
6226
6227
6228
6229
6230
6231
6232
6234
6235
6238
6239
6240
6243
6244
6245
6246
6247
6248
6249
6250
6251
6252
6253
6254
6255
6256
6257
6258
6259
6260
6261
6262
6263
6264
6265
6266
6267
6268
6269
6270
6271
6272
6273
6276
6281
6282
6284
6291
6299
6302
6305
6306
6311
6314
6317
6323
6324
6326
6327
6329
6330
6331
6332
6333
6334
6335
6336
6337
6338
6339
6340
6342
6343
6344
6345
6346
6348
6353
6354
6356
6357
6358
6359
6360
6362
6363
6364
6365
6372
6373
6374
6375
6376
6377
6378
6379
6380
6381
6382
6383
6384
6385
6387
6388
6389
6393
6394
6396
6398
6399
6400
6401
6403
6404
6405
6406
6407
6408
6409
6416
6417
6418
6419
6420
6421
6422
6423
6436
6442
6447
6450
6452
6454
6455
6456
6461
6463
6464
6465
6466
6467
6468
6470
6471
6473
6476
6480
6481
6487
6492
6493
6499
6501
6503
6504
6510
6520
6530
6535
6539
6540
6544
6545
6549
6550
6551
6552
6553
6554
6556
6558
6560
6561
6562
6563
6564
6565
6566
6567
6568
6571
6578
6579
6580
6581
6582
6583
6584
6585
6586
6587
6599
6605
6609
6615
6617
6618
6624
6625
6631
6634
6639
6641
6642
6649
6652
6659
6662
6663
6664
6665
6666
6667
6668
6669
6671
6672
6673
6674
6676
6677
6679
6681
6685
6686
6697
6704
6705
6706
6707
6711
6712
6713
6714
6715
6716
6717
6718
6722
6725
6726
6731
6733
6736
6738
6739
6740
6762
6763
6765
6766
6769
6772
6773
6775
6778
6779
6780
6781
6782
6784
6785
6787
6788
6789
6795
6799
6806
6808
6809
6812
6815
6816
6817
6818
6822
6837
6841
6850
6854
6855
6856
6857
6858
6860
6862
6864
6870
6871
6872
6879
6881
6882
6884
6885
6886
6889
6892
6894
6895
6896
6902
6906
6907
6910
6917
6922
6923
6924
6925
6926
6927
6928
6932
6935
6937
6939
6940
6952
6957
6958
6959
6962
6967
6972
6973
6974
6978
6979
6989
6993
6994
6995
6996
6997
6998
6999
7000
7002
7003
7004
7005
7006
7025
7028
7036
7043
7057
7058
7062
7063
7073
7077
7090
7092
7097
7118
7128
7129
7133
7139
7146
7153
7154
7156
7157
7158
7161
7162
7164
7165
7166
7167
7168
7169
7171
7173
7175
7177
7179
7193
7204
7205
7206
7207
7212
7213
7223
7225
7226
7234
7238
7239
7249
7256
7261
7266
7267
7268
7269
7270
7276
7283
7284
7287
7290
7291
7292
7293
7294
7295
7296
7297
7298
7299
7303
7304
7307
7314
7318
7325
7326
7327
7335
7336
7345
7347
7365
7370
7371
7373
7374
7375
7379
7380
7381
7383
7387
7388
7410
7428
7429
7430
7431
7433
7436
7437
7438
7441
7448
7450
7453
7460
7461
7462
7471
7472
7476
7478
7486
7487
7489
7490
7491
7495
7497
7499
7500
7501
7502
7503
7504
7505
7509
7514
7522
7525
7529
7530
7531
7532
7536
7538
7549
7553
7557
7559
7560
7561
7565
7566
7567
7573
7576
7578
7581
7587
7588
7589
7590
7592
7593
7594
7597
7600
7601
7603
7609
7610
7612
7618
7623
7624
7629
7630
7636
7639
7641
7645
7649
7654
7662
7669
7671
7675
7677
7678
7686
7688
7689
7690
7693
7694
7697
7700
7701
7704
7712
7713
7716
7717
7718
7719
7720
7721
7728
7731
7735
7736
7737
7738
7739
7740
7741
7742
7746
7749
7750
7751
7752
7755
7756
7757
7770
7771
7775
7779
7780
7788
7797
7798
7799
7800
7807
7810
7816
7817
7823
7858
7859
7860
7866
7868
7876
7882
7884
7891
7892
7893
7894
7896
7900
7901
7910
7942
7953
7961
7964
7967
7969
7972
7975
7988
8000
8012
8015
8018
8042
8043
8044
8045
8047
8048
8049
8050
8061
8089
8090
8093
8096
8097
8100
8102
8107
8108
8109
8110
8115
8117
8142
8172
8174
8177
8180
8192
8201
8204
8234
8238
8246
8250
8251
8256
8257
8258
8259
8264
8265
8266
8268
8269
8270
8271
8272
8273
8275
8276
8277
8278
8281
8291
8298
8318
8324
8333
8338
8349
8362
8363
8366
8370
8371
8373
8374
8376
8380
8381
8382
8383
8384
8386
8387
8389
8390
8393
8394
8396
8401
8403
8413
8442
8445
8446
8453
8455
8456
8457
8458
8459
8460
8461
8462
8463
8464
8465
8466
8467
8468
8469
8470
8471
8472
8474
8475
8478
8480
8482
8483
8484
8485
8517
8519
8532
8540
8544
8546
8548
8558
8559
8560
8561
8562
8563
8564
8569
8570
8572
8576
8581
8587
8589
8590
8602
8604
8605
8608
8612
8617
8619
8623
8632
8633
8635
8636
8638
8639
8642
8644
8646
8649
8650
8651
8652
8656
8660
8664
8680
8682
8688
8690
8691
8692
8693
8694
8695
8696
8698
8699
8700
8701
8702
8703
8708
8710
8717
8718
8720
8722
8724
8725
8726
8730
8731
8733
8736
8739
8740
8748
8750
8751
8754
8756
8759
8765
8767
8770
8771
8772
8775
8776
8779
8781
8785
8786
8790
8791
8793
8795
8797
8799
8800
8804
8805
8806
8817
8818
8822
8823
8824
8826
8830
8831
8832
8835
8848
8849
8852
8853
8854
8856
8858
8867
8877
8878
8887
8888
8889
8890
8891
8892
8904
8912
8915
8918
8925
8927
8931
8933
8934
8945
8946
8951
8953
8956
8957
8962
8963
8964
8965
8970
8972
8975
8983
8985
8991
8993
8994
8995
9003
9008
9012
9016
9019
9021
9026
9028
9029
9034
9035
9036
9038
9040
9041
9046
9048
9050
9051
9058
9059
9065
9066
9067
9071
9072
9084
9085
9086
9097
9100
9102
9103
9104
9109
9116
9118
9119
9130
9138
9139
9141
9142
9145
9146
9147
9150
9152
9154
9161
9162
9164
9167
9172
9173
9174
9175
9176
9178
9179
9180
9183
9184
9185
9186
9187
9206
9207
9209
9223
9224
9241
9245
9262
9270
9273
9274
9275
9277
9278
9285
9293
9310
9312
9316
9327
9328
9337
9339
9341
9344
9345
9348
9352
9356
9371
9372
9375
9378
9381
9382
9394
9402
9435
9442
9443
9449
9453
9455
9456
9458
9460
9470
9475
9477
9479
9480
9483
9487
9490
9493
9495
9497
9502
9503
9504
9505
9506
9511
9518
9521
9523
9525
9526
9527
9528
9530
9531
9532
9537
9538
9540
9542
9543
9554
9556
9562
9566
9567
9568
9569
9571
9572
9573
9574
9575
9576
9577
9578
9579
9580
9581
9582
9583
9584
9585
9586
9587
9588
9589
9591
9595
9598
9600
9601
9605
9606
9607
9608
9609
9620
9628
9629
9632
9637
9639
9640
9647
9653
9663
9664
9665
9669
9673
9674
9675
9676
9678
9686
9692
9695
9698
9702
9703
9704
9707
9711
9712
9713
9716
9717
9726
9731
9737
9738
9741
9743
9748
9756
9757
9758
9760
9766
9773
9775
9780
9785
9786
9791
9803
9805
9808
9812
9813
9814
9815
9817
9818
9821
9822
9824
9825
9827
9845
9848
9849
9850
9851
9852
9853
9856
9857
9858
9859
9860
9864
9876
9878
9888
9912
9922
9927
9951
9954
9960
9967
9968
9972
9973
9975
9976
9978
9979
9980
9981
9982
9983
9985
9986
10000
10002
10003
10004
10014
10017
10019
10020
10022
10023
10028
10031
10033
10038
10046
10048
10049
10050
10053
10054
10063
10065
10071
10074
10075
10079
10080
10082
10083
10089
10091
10094
10099
10125
10153
10156
10162
10172
10177
10180
10186
10188
10189
10193
10194
10195
10197
10198
10200
10201
10202
10206
10207
10208
10217
10225
10228
10229
10234
10238
10241
10245
10258
10259
10260
10261
10262
10265
10267
10270
10271
10280
10296
10301
10302
10305
10322
10325
10327
10347
10348
10349
10350
10352
10353
10355
10357
10358
10359
10360
10374
10385
10387
10391
10392
10393
10394
10403
10404
10405
10406
10408
10417
10418
10420
10422
10423
10427
10432
10434
10437
10439
10441
10448
10455
10458
10459
10460
10461
10501
10525
10526
10529
10541
10545
10550
10551
10552
10553
10554
10557
10567
10570
10581
10588
10598
10600
10601
10621
10622
10625
10628
10632
10636
10654
10665
10671
10684
10685
10686
10687
10690
10691
10692
10694
10699
10700
10701
10702
10703
10723
10726
10727
10737
10738
10743
10744
10748
10750
10754
10755
10767
10774
10776
10783
10784
10788
10789
10790
10791
10792
10793
10795
10796
10797
10800
10802
10803
10804
10806
10807
10808
10809
10812
10813
10841
10842
10846
10848
10854
10857
10860
10861
10862
10867
10871
10872
10881
10888
10891
10895
10899
10902
10907
10908
10909
10910
10911
10912
10913
10914
10915
10916
10917
10918
10919
10920
10921
10922
10923
10924
10926
10927
10928
10929
10931
10935
10949
10954
10959
10962
10979
10980
10981
10983
10984
10985
10986
10987
10988
10990
10991
10993
11008
11026
11027
11031
11038
11041
11042
11044
11049
11050
11056
11072
11074
11075
11078
11079
11080
11089
11096
11106
11110
11112
11113
11114
11123
11125
11126
11128
11130
11131
11133
11152
11170
11195
11208
11220
11222
11224
11226
11238
11242
11251
11257
11259
11265
11269
11270
11271
11272
11273
11274
11275
11278
11280
11281
11282
11283
11285
11287
11300
11303
11311
11313
11314
11315
11316
11320
11346
11348
11350
11355
11358
11370
11384
11385
11386
11400
11418
11419
11420
11422
11423
11429
11433
11435
11440
11441
11442
11444
11460
11464
11465
11468
11488
11495
11498
11501
11504
11508
11509
11512
11513
11514
11517
11518
11520
11523
11525
11526
11527
11528
11530
11538
11555
11570
11582
11583
11591
11613
11615
11617
11620
11637
11640
11643
11656
11661
11662
11666
11667
11673
11688
11690
11691
11693
11695
11698
11699
11715
11727
11730
11731
11736
11738
11739
11740
11746
11747
11748
11750
11753
11757
11763
11772
11773
11774
11776
11777
11778
11779
11780
11782
11786
11789
11792
11808
11812
11815
11824
11832
11837
11841
11845
11850
11858
11860
11861
11862
11863
11864
11869
11871
11878
11879
11888
11892
11896
11900
11903
11918
11921
11925
11931
11935
11938
11940
11941
11943
11951
11957
11962
11963
11964
11965
11967
11970
11971
11972
11973
11974
11975
11976
11977
11978
11979
11980
11982
11983
11984
11988
11996
11997
11999
12001
12013
12014
12015
12016
12017
12018
12020
12023
12024
12030
12032
12033
12034
12035
12036
12038
12041
12042
12043
12045
12048
12049
12050
12051
12053
12055
12057
12066
12067
12068
12074
12075
12080
12081
12085
12088
12089
12092
12093
12104
12125
12132
12133
12134
12137
12141
12142
12145
12146
12148
12152
12153
12154
12155
12156
12157
12165
12167
12168
12169
12170
12171
12173
12176
12177
12178
12180
12181
12182
12183
12188
12190
12192
12194
12197
12200
12202
12204
12207
12208
12209
12210
12211
12212
12213
12214
12215
12216
12224
12236
12237
12242
12247
12248
12252
12259
12273
12274
12275
12281
12282
12285
12288
12289
12294
12297
12302
12303
12305
12311
12314
12321
12323
12345
12347
12349
12351
12352
12355
12357
12361
12369
12370
12371
12372
12373
12376
12378
12380
12382
12383
12398
12399
12401
12402
12405
12407
12408
12410
12417
12419
12422
12424
12426
12428
12437
12450
12457
12461
12462
12469
12475
12477
12478
12479
12481
12482
12483
12484
12485
12488
12489
12491
12493
12496
12497
12501
12503
12508
12511
12513
12531
12535
12542
12545
12547
12551
12555
12561
12563
12566
12569
12570
12571
12572
12573
12575
12576
12577
12578
12579
12581
12582
12583
12584
12585
12587
12588
12590
12592
12594
12596
12597
12598
12600
12601
12602
12607
12608
12610
12626
12646
12651
12652
12653
12656
12659
12660
12662
12666
12667
12669
12670
12673
12674
12676
12677
12678
12685
12689
12700
12702
12704
12716
12724
12727
12728
12735
12736
12741
12742
12743
12744
12745
12746
12747
12748
12749
12750
12752
12754
12755
12771
12772
12773
12792
12797
12798
12799
12800
12801
12802
12803
12804
12805
12807
12812
12814
12819
12821
12823
12834
12840
12841
12843
12846
12847
12848
12849
12851
12855
12858
12925
12926
12927
12931
12935
12939
12941
12942
12951
12952
12955
12960
12969
12973
12974
12978
12988
12990
12992
12999
13001
13005
13006
13007
13071
13083
13109
13110
13111
13114
13118
13130
13140
13141
13159
13195
13198
13208
13213
13216
13227
13232
13244
13247
13250
13251
13259
13261
13263
13265
13267
13272
13279
13280
13281
13284
13297
13298
13299
13303
13310
13318
13324
13332
13337
13353
13355
13357
13359
13360
13363
13364
13365
13366
13368
13374
13375
13376
13381
13387
13388
13389
13390
13394
13395
13397
13398
13400
13401
13402
13403
13404
13405
13406
13407
13408
13412
13413
13414
13418
13419
13420
13422
13424
13425
13426
13427
13430
13432
13439
13440
13441
13443
13451
13452
13453
13454
13455
13456
13457
13478
13479
13483
13487
13488
13502
13511
13513
13515
13522
13526
13529
13530
13531
13533
13534
13537
13538
13539
13540
13541
13542
13543
13544
13545
13546
13547
13550
13563
13566
13567
13583
13586
13588
13591
13598
13599
13623
13638
13642
13644
13656
13661
13663
13669
13671
13672
13673
13674
13675
13681
13683
13686
13687
13692
13696
13704
13705
13706
13707
13712
13713
13720
13721
13723
13724
13728
13730
13734
13735
13737
13746
13747
13748
13760
13763
13764
13765
13767
13768
13770
13772
13777
13781
13782
13786
13793
13803
13804
13806
13811
13813
13817
13818
13820
13821
13822
13824
13827
13829
13830
13831
13840
13841
13846
13848
13849
13851
13853
13855
13857
13864
13865
13867
13868
13869
13870
13871
13872
13875
13877
13878
13879
13884
13885
13890
13892
13901
13913
13917
13918
13933
13952
13958
13960
13961
13962
13998
14004
14006
14009
14012
14020
14023
14027
14038
14048
14049
14053
14054
14056
14059
14062
14063
14068
14070
14073
14079
14084
14086
14088
14097
14101
14102
14104
14108
14112
14128
14129
14137
14148
14149
14150
14160
14162
14170
14192
14195
14197
14198
14200
14218
14220
14223
14225
14228
14229
14232
14235
14244
14263
14264
14265
14267
14268
14278
14296
14299
14302
14304
14305
14320
14330
14331
14340
14341
14343
14346
14347
14348
14349
14350
14361
14363
14367
14369
14370
14371
14379
14380
14383
14389
14392
14395
14397
14400
14404
14410
14416
14417
14419
14426
14434
14435
14437
14438
14439
14441
14442
14445
14446
14449
14450
14451
14454
14462
14466
14469
14470
14472
14473
14474
14477
14479
14480
14482
14483
14484
14486
14487
14491
14492
14493
14496
14497
14504
14507
14508
14510
14511
14512
14514
14528
14529
14530
14531
14532
14533
14536
14537
14538
14539
14540
14541
14542
14543
14546
14548
14549
14550
14553
14559
14561
14562
14566
14567
14569
14571
14572
14575
14580
14581
14583
14587
14591
14593
14594
14595
14596
14598
14601
14602
14605
14606
14608
14613
14614
14615
14617
14621
14623
14626
14642
14644
14658
14659
14662
14663
14664
14667
14670
14672
14677
14683
14684
14685
14686
14687
14689
14691
14692
14693
14694
14695
14696
14697
14698
14699
14700
14702
14703
14704
14706
14712
14730
14733
14734
14735
14736
14737
14742
14747
14748
14749
14752
14759
14763
14766
14767
14776
14777
14778
14779
14789
14791
14796
14799
14800
14808
14809
14823
14825
14830
14831
14833
14837
14842
14853
14856
14863
14868
14880
14885
14891
14899
14901
14903
14908
14910
14912
14913
14914
14915
14916
14917
14918
14919
14920
14921
14922
14924
14933
14938
14947
14949
14956
14958
14961
14965
14967
14968
14970
14976
14978
14989
14990
14997
15001
15011
15015
15017
15021
15024
15028
15034
15040
15043
15048
15049
15050
15051
15053
15054
15056
15057
15058
15060
15066
15069
15075
15087
15089
15090
15094
15105
15119
15121
15125
15128
15138
15143
15144
15145
15146
15148
15149
15150
15151
15153
15154
15155
15156
15157
15158
15159
15160
15164
15172
15175
15177
15183
15193
15208
15210
15239
15241
15242
15244
15245
15246
15247
15248
15249
15250
15251
15252
15253
15254
15255
15261
15278
15279
15281
15286
15287
15289
15294
15295
15303
15304
15306
15309
15316
15323
15324
15325
15327
15330
15335
15339
15343
15359
15360
15363
15379
15381
15382
15383
15384
15385
15388
15403
15404
15410
15416
15451
15453
15464
15466
15468
15476
15479
15485
15504
15510
15511
15514
15516
15517
15518
15519
15526
15527
15528
15531
15533
15534
15535
15537
15542
15543
15544
15546
15549
15550
15551
15552
15553
15554
15559
15560
15561
15566
15567
15576
15580
15585
15590
15595
15597
15598
15599
15604
15606
15608
15609
15612
15613
15614
15615
15616
15620
15626
15627
15629
15630
15631
15632
15633
15634
15635
15639
15640
15645
15646
15647
15648
15649
15650
15651
15654
15655
15656
15657
15658
15666
15668
15671
15674
15678
15679
15680
15682
15687
15695
15705
15706
15708
15710
15711
15712
15714
15717
15719
15721
15723
15726
15731
15737
15739
15740
15741
15752
15757
15759
15760
15761
15762
15763
15764
15766
15767
15768
15769
15770
15772
15773
15774
15775
15777
15778
15781
15782
15783
15784
15786
15793
15794
15795
15796
15797
15798
15805
15807
15808
15809
15811
15817
15828
15840
15841
15843
15844
15849
15850
15854
15855
15859
15860
15861
15864
15867
15868
15875
15877
15880
15881
15883
15889
15894
15896
15900
15909
15910
15911
15915
15916
15917
15918
15919
15920
15921
15922
15923
15924
15925
15926
15927
15928
15929
15930
15931
15932
15933
15934
15935
15937
15956
15961
15962
15963
15964
15965
15967
15968
15970
15971
15972
15977
15978
15979
15981
15986
15988
15999
16008
16016
16018
16020
16022
16023
16024
16025
16026
16027
16028
16029
16030
16031
16032
16033
16034
16035
16036
16037
16038
16039
16040
16041
16042
16043
16044
16045
16047
16048
16049
16067
16075
16080
16088
16098
16099
16100
16101
16103
16114
16115
16120
16122
16123
16124
16132
16133
16134
16136
16137
16139
16146
16148
16150
16152
16155
16156
16158
16161
16163
16164
16165
16166
16169
16183
16187
16192
16194
16197
16198
16199
16202
16204
16205
16209
16211
16212
16213
16218
16223
16225
16226
16227
16229
16232
16233
16234
16236
16253
16254
16256
16258
16259
16261
16262
16265
16267
16268
16270
16273
16274
16276
16278
16283
16284
16287
16288
16296
16298
16299
16303
16305
16307
16315
16317
16321
16332
16334
16337
16339
16342
16344
16346
16351
16355
16361
16382
16383
16386
16392
16395
16405
16412
16413
16417
16418
16419
16425
16426
16427
16430
16431
16432
16433
16435
16438
16439
16443
16446
16447
16450
16451
16454
16455
16456
16460
16462
16463
16466
16467
16474
16475
16476
16477
16478
16479
16481
16485
16486
16489
16505
16506
16507
16508
16510
16511
16512
16515
16518
16519
16520
16521
16522
16523
16524
16527
16530
16532
16546
16547
16551
16552
16555
16562
16570
16591
16592
16593
16614
16617
16620
16622
16623
16624
16626
16627
16628
16629
16630
16632
16633
16634
16642
16643
16646
16648
16650
16657
16665
16666
16667
16673
16680
16681
16691
16702
16704
16706
16709
16711
16722
16736
16738
16742
16745
16750
16752
16757
16759
16762
16764
16766
16768
16770
16776
16777
16778
16779
16786
16790
16804
16807
16808
16809
16810
16814
16815
16816
16817
16819
16820
16822
16832
16835
16836
16840
16846
16855
16858
16864
16866
16868
16872
16884
16885
16886
16889
16896
16897
16900
16901
16903
16904
16910
16914
16915
16920
16922
16927
16929
16937
16938
16939
16941
16942
16944
16946
16950
16951
16955
16956
16957
16958
16959
16962
16965
16968
16969
16970
16971
16972
16973
16974
16976
16978
16979
16980
16981
16983
16984
16985
16987
16991
16995
17000
17007
17008
17014
17021
17022
17023
17024
17026
17027
17028
17029
17030
17031
17032
17034
17036
17038
17039
17042
17043
17048
17049
17052
17054
17059
17060
17069
17071
17072
17075
17076
17079
17086
17090
17094
17098
17099
17100
17102
17108
17116
17117
17128
17130
17138
17139
17140
17141
17142
17144
17151
17154
17156
17164
17165
17166
17170
17174
17175
17176
17178
17179
17180
17184
17185
17187
17188
17189
17190
17194
17197
17205
17211
17217
17234
17236
17237
17238
17242
17245
17251
17252
17257
17262
17265
17266
17268
17269
17271
17272
17273
17274
17281
17282
17283
17290
17291
17292
17294
17302
17303
17304
17305
17310
17312
17313
17314
17347
17353
17355
17357
17358
17359
17360
17362
17363
17365
17367
17368
17371
17372
17373
17374
17375
17376
17377
17379
17380
17381
17382
17383
17384
17385
17386
17387
17388
17389
17394
17395
17402
17403
17405
17410
17412
17423
17424
17427
17428
17429
17435
17436
17438
17440
17451
17457
17458
17461
17462
17463
17464
17467
17470
17474
17478
17480
17489
17491
17492
17493
17499
17503
17505
17508
17511
17512
17513
17519
17520
17522
17523
17526
17535
17537
17541
17542
17548
17549
17557
17563
17578
17583
17593
17595
17596
17597
17598
17599
17601
17602
17603
17604
17605
17606
17607
17610
17611
17613
17615
17616
17617
17618
17621
17623
17625
17627
17629
17634
17637
17639
17640
17641
17643
17644
17645
17646
17648
17652
17676
17683
17687
17688
17689
17693
17694
17695
17698
17713
17715
17728
17740
17741
17748
17750
17751
17752
17753
17755
17756
17757
17758
17759
17760
17761
17762
17763
17764
17766
17767
17769
17771
17772
17778
17780
17782
17783
17791
17802
17807
17809
17810
17811
17817
17823
17826
17828
17831
17842
17856
17861
17866
17871
17873
17875
17878
17879
17887
17889
17890
17896
17898
17903
17906
17915
17916
17917
17936
17940
17951
17953
17962
17978
17979
17980
17981
17984
17985
17987
17988
17989
17990
17992
17994
17996
17999
18000
18014
18015
18016
18017
18021
18037
18038
18044
18045
18057
18075
18080
18081
18083
18089
18095
18096
18097
18098
18099
18100
18101
18102
18103
18104
18105
18106
18107
18108
18109
18110
18111
18112
18113
18114
18115
18117
18118
18119
18120
18121
18122
18123
18124
18125
18126
18128
18129
18130
18131
18133
18134
18135
18137
18138
18139
18140
18141
18142
18155
18161
18169
18171
18172
18174
18176
18177
18178
18181
18182
18186
18190
18198
18199
18200
18202
18203
18208
18209
18211
18213
18215
18217
18219
18229
18235
18242
18245
18248
18249
18250
18252
18254
18259
18267
18271
18282
18283
18284
18285
18288
18292
18293
18295
18296
18297
18298
18302
18303
18307
18312
18315
18328
18337
18338
18362
18368
18378
18380
18383
18388
18428
18429
18433
18437
18438
18441
18442
18444
18445
18446
18447
18448
18449
18456
18457
18458
18459
18460
18461
18462
18465
18466
18467
18468
18469
18471
18472
18473
18476
18481
18482
18483
18484
18485
18486
18487
18488
18489
18490
18491
18492
18493
18494
18495
18496
18497
18498
18499
18500
18501
18502
18504
18511
18513
18514
18515
18517
18519
18522
18530
18531
18535
18543
18547
18551
18554
18555
18565
18569
18574
18605
18627
18651
18652
18655
18656
18658
18659
18668
18675
18676
18681
18683
18684
18686
18687
18692
18694
18696
18698
18700
18716
18717
18731
18735
18738
18743
18748
18749
18751
18753
18754
18757
18758
18759
18761
18764
18765
18766
18767
18773
18779
18781
18782
18783
18784
18785
18786
18787
18788
18789
18790
18791
18792
18793
18794
18795
18801
18807
18820
18822
18825
18826
18837
18849
18853
18860
18861
18864
18869
18876
18880
18888
18889
18890
18891
18893
18894
18895
18898
18903
18904
18907
18908
18909
18910
18911
18912
18914
18915
18916
18917
18919
18926
18927
18930
18931
18934
18935
18936
18937
18938
18939
18941
18942
18958
18959
18960
18962
18964
18969
18971
18972
18973
18978
18983
18989
18996
19005
19012
19014
19015
19016
19017
19018
19019
19020
19025
19028
19043
19044
19045
19052
19055
19056
19059
19060
19062
19064
19065
19071
19072
19075
19085
19093
19095
19099
19103
19119
19120
19121
19123
19136
19137
19139
19140
19141
19142
19144
19147
19151
19179
19180
19181
19182
19183
19196
19202
19203
19204
19212
19215
19216
19221
19222
19223
19225
19232
19233
19234
19239
19244
19245
19246
19256
19257
19262
19268
19277
19278
19280
19282
19283
19284
19285
19287
19289
19294
19295
19296
19298
19299
19300
19301
19310
19313
19314
19315
19316
19319
19320
19321
19323
19326
19327
19328
19333
19338
19339
19343
19347
19348
19349
19350
19351
19352
19353
19354
19356
19358
19362
19364
19365
19366
19372
19377
19378
19379
19382
19383
19387
19388
19389
19390
19391
19392
19393
19394
19395
19396
19397
19398
19399
19400
19402
19403
19406
19408
19409
19410
19411
19412
19413
19414
19415
19416
19418
19423
19431
19439
19442
19443
19444
19445
19447
19448
19449
19453
19454
19468
19471
19472
19475
19477
19480
19481
19482
19484
19488
19489
19494
19499
19510
19511
19520
19521
19524
19526
19527
19558
19572
19575
19576
19577
19581
19583
19586
19588
19592
19595
19596
19600
19606
19624
19636
19638
19646
19647
19648
19649
19671
19674
19676
19679
19683
19684
19685
19686
19687
19690
19696
19698
19705
19715
19716
19722
19723
19724
19725
19726
19727
19729
19753
19754
19758
19763
19765
19767
19768
19769
19771
19772
19774
19775
19786
19791
19792
19813
19816
19821
19824
19826
19851
19857
19858
19869
19870
19873
19876
19877
19881
19885
19887
19889
19890
19891
19893
19894
19895
19900
19908
19913
19914
19920
19921
19927
19930
19938
19940
19947
19950
19951
19957
19960
19963
19969
19990
19992
19993
19995
19998
20000
20003
20010
20012
20021
20023
20024
20026
20027
20028
20029
20034
20038
20040
20041
20042
20043
20044
20045
20047
20066
20083
20099
20132
20163
20165
20170
20172
20174
20181
20184
20187
20212
20221
20222
20225
20226
20231
20236
20238
20239
20241
20245
20246
20248
20249
20250
20251
20252
20253
20259
20260
20262
20263
20264
20266
20270
20271
20272
20273
20274
20276
20278
20281
20288
20291
20292
20293
20294
20295
20296
20301
20303
20306
20308
20309
20310
20311
20312
20313
20314
20315
20316
20317
20318
20320
20322
20324
20325
20326
20327
20328
20329
20331
20334
20339
20341
20343
20345
20348
20360
20361
20383
20387
20389
20396
20399
20401
20402
20418
20422
20424
20425
20429
20430
20431
20441
20451
20453
20456
20473
20478
20481
20483
20485
20486
20500
20501
20503
20505
20509
20510
20511
20512
20515
20517
20519
20520
20521
20522
20523
20524
20525
20526
20528
20529
20530
20533
20534
20539
20540
20541
20542
20547
20551
20554
20556
20558
20561
20563
20564
20565
20567
20584
20585
20591
20592
20597
20598
20599
20600
20601
20613
20628
20629
20633
20638
20639
20640
20642
20643
20644
20645
20646
20647
20648
20649
20654
20655
20656
20657
20658
20659
20660
20661
20662
20663
20664
20665
20666
20670
20671
20672
20674
20684
20686
20687
20688
20689
20690
20691
20692
20693
20694
20695
20696
20697
20699
20701
20702
20703
20704
20705
20706
20707
20708
20709
20710
20711
20713
20714
20715
20716
20717
20718
20719
20720
20721
20722
20723
20724
20725
20727
20728
20729
20730
20732
20733
20734
20735
20738
20739
20740
20741
20743
20744
20745
20746
20747
20748
20749
20750
20751
20752
20753
20754
20755
20756
20757
20758
20759
20760
20761
20762
20763
20764
20767
20768
20769
20770
20771
20772
20773
20774
20775
20776
20777
20778
20779
20781
20782
20783
20784
20785
20786
20787
20788
20790
20791
20792
20793
20794
20795
20797
20798
20800
20801
20802
20803
20804
20806
20808
20810
20823
20829
20838
20839
20840
20841
20842
20843
20844
20845
20846
20858
20859
20861
20862
20863
20864
20866
20870
20871
20872
20873
20874
20879
20880
20881
20882
20884
20885
20886
20890
20891
20892
20894
20902
20912
20913
20914
20915
20916
20918
20919
20920
20921
20922
20923
20930
20931
20932
20934
20935
20937
20944
20945
20946
20949
20950
20951
20952
20953
20954
20958
20959
20981
20982
20983
20984
20987
20988
20989
20992
20993
21000
21003
21004
21005
21006
21007
21008
21009
21011
21012
21013
21016
21019
21025
21027
21033
21034
21036
21051
21057
21058
21059
21060
21064
21065
21067
21068
21071
21072
21073
21074
21076
21077
21078
21079
21080
21082
21083
21086
21089
21091
21093
21099
21101
21103
21108
21114
21119
21123
21125
21126
21127
21128
21130
21141
21142
21150
21161
21162
21166
21169
21171
21183
21196
21203
21204
21216
21218
21222
21223
21228
21230
21232
21233
21237
21238
21241
21243
21251
21252
21255
21256
21257
21258
21259
21260
21261
21262
21263
21264
21265
21268
21269
21270
21271
21272
21273
21274
21275
21276
21277
21278
21279
21280
21281
21282
21283
21286
21287
21288
21290
21291
21295
21297
21302
21303
21305
21307
21308
21309
21310
21311
21313
21316
21319
21320
21321
21322
21324
21328
21336
21339
21341
21349
21351
21353
21354
21357
21360
21361
21363
21364
21374
21375
21376
21377
21379
21428
21430
21431
21433
21434
21435
21438
21441
21442
21443
21446
21447
21448
21450
21452
21453
21454
21455
21456
21457
21458
21459
21464
21465
21466
21467
21468
21470
21471
21473
21475
21476
21477
21479
21480
21481
21482
21484
21487
21490
21491
21496
21497
21498
21500
21501
21506
21508
21510
21515
21516
21522
21524
21535
21536
21538
21539
21540
21541
21542
21543
21545
21546
21548
21551
21554
21555
21556
21557
21558
21559
21561
21562
21566
21568
21569
21574
21575
21576
21577
21578
21581
21582
21583
21584
21585
21587
21588
21589
21590
21591
21592
21594
21595
21596
21597
21600
21601
21602
21603
21606
21608
21609
21610
21611
21612
21618
21619
21621
21622
21626
21627
21632
21635
21636
21640
21642
21645
21646
21647
21648
21649
21650
21651
21655
21663
21665
21669
21675
21683
21685
21686
21687
21689
21690
21691
21693
21694
21695
21696
21697
21698
21700
21701
21702
21703
21704
21705
21707
21708
21709
21710
21712
21714
21715
21716
21718
21719
21720
21721
21722
21723
21724
21725
21726
21727
21728
21760
21762
21764
21765
21766
21768
21791
21792
21795
21800
21801
21807
21808
21819
21820
21821
21823
21829
21831
21832
21834
21836
21841
21842
21843
21844
21845
21853
21856
21857
21858
21859
21860
21861
21868
21869
21877
21880
21883
21885
21886
21902
21906
21907
21910
21912
21914
21927
21931
21933
21937
21939
21940
21941
21942
21945
21946
21947
21949
21950
21953
21954
21955
21959
21962
21963
21964
21966
21967
21968
21979
21981
21983
21995
22004
22005
22006
22007
22009
22010
22013
22016
22017
22023
22029
22031
22032
22038
22040
22042
22043
22044
22048
22058
22059
22061
22064
22065
22067
22068
22069
22070
22078
22083
22088
22100
22102
22106
22110
22111
22112
22113
22115
22116
22121
22122
22123
22124
22127
22128
22129
22130
22131
22132
22133
22134
22137
22139
22140
22147
22150
22151
22152
22153
22156
22158
22159
22161
22163
22164
22167
22168
22169
22170
22171
22172
22184
22189
22194
22195
22196
22199
22200
22201
22202
22203
22204
22214
22217
22219
22220
22221
22222
22224
22230
22235
22250
22251
22253
22256
22258
22261
22264
22265
22266
22267
22268
22269
22270
22271
22274
22275
22276
22278
22282
22288
22291
22292
22295
22309
22310
22314
22317
22319
22320
22324
22325
22326
22327
22329
22331
22332
22339
22349
22351
22352
22353
22361
22367
22371
22373
22378
22383
22384
22385
22387
22392
22396
22401
22411
22418
22419
22420
22423
22424
22432
22446
22452
22453
22455
22457
22460
22463
22464
22465
22467
22471
22473
22475
22480
22481
22482
22483
22484
22486
22487
22488
22489
22490
22491
22493
22494
22496
22497
22507
22514
22521
22524
22532
22534
22547
22555
22557
22559
22563
22568
22569
22571
22580
22583
22590
22595
22596
22598
22599
22602
22603
22604
22607
22608
22609
22610
22612
22614
22615
22617
22627
22628
22631
22632
22634
22638
22647
22654
22657
22659
22660
22662
22668
22685
22687
22688
22691
22694
22696
22701
22707
22714
22715
22718
22719
22724
22725
22726
22729
22730
22731
22732
22738
22739
22753
22754
22755
22756
22759
22768
22770
22776
22777
22778
22779
22784
22785
22789
22790
22791
22792
22793
22800
22801
22805
22808
22817
22820
22823
22824
22825
22826
22827
22829
22830
22831
22832
22833
22834
22835
22836
22837
22838
22839
22840
22849
22852
22861
22863
