1
10
304
351
518
549
582
670
812
824
1049
1052
1054
1057
1062
1068
1072
1115
1155
1161
1193
1199
1202
1204
1259
1261
1264
1269
1272
1283
1286
1289
1291
1293
1295
1297
1299
1335
1337
1583
1591
1594
1597
1603
1605
1608
1611
1613
1622
1624
1626
1628
1631
1633
1903
2454
2456
2461
2503
2516
2521
2523
2629
2712
2718
2724
2737
2740
2743
2746
2748
2753
2755
2756
2764
2771
2774
2776
2777
2794
2796
2798
2815
2870
2877
2881
2946
2951
2981
3128
3193
3240
3254
3266
3270
3292
3300
3308
3322
3378
3397
3531
3603
3695
3698
3701
3703
3705
3710
3712
3714
3716
3759
3774
3948
4008
4020
4023
4028
4034
4039
4041
4044
4052
4055
4060
4062
4067
4071
4091
4165
4203
4206
4346
4348
4350
4358
4365
4368
4371
4375
4378
4382
4387
4389
4392
4400
4427
4564
4572
4686
4691
4693
4696
4700
4702
4707
4713
4717
4720
4766
4920
5143
5162
5165
5171
5173
5174
5177
5179
5181
5183
5187
5193
5199
5203
5206
5208
5210
5216
5219
5287
5290
5296
5302
5307
5311
5318
5319
5320
5324
5329
5332
5334
5335
5336
5340
5342
5344
5361
5391
5396
5402
5406
5407
5411
5414
5415
5416
5419
5422
5424
5425
5431
5432
5435
5437
5439
5441
5445
5446
5450
5453
5455
5457
5471
5473
5476
5489
5493
5511
5512
5515
5516
5519
5521
5525
5527
5531
5536
5537
5540
5546
5548
5553
5555
5556
5559
5561
5567
5576
5590
5593
5608
5609
5611
5614
5617
5627
5629
5630
5633
5634
5636
5639
5640
5646
5650
5653
5659
5665
5671
5674
5676
5678
5680
5683
5687
5689
5693
5696
5697
5699
5702
5721
5854
5856
5920
5967
6030
6032
6034
6036
6038
6044
6050
6061
6065
6068
6070
6088
6117
6131
6133
6286
6402
6415
6417
6421
6424
6428
6433
6434
6437
6438
6442
6447
6451
6452
6454
6457
6459
6460
6462
6464
6467
6471
6477
6490
6492
6634
6713
6717
6720
6723
6726
6730
6731
6736
6737
6742
6744
6746
6748
6750
6753
6755
6759
6762
6764
6766
6770
6780
6784
6787
6789
6791
6795
6797
6801
6804
6808
6825
6829
6831
6833
6839
6840
6842
6846
6848
6853
6857
6859
6861
6867
6869
6873
6874
6878
6880
6882
6889
6895
6901
6911
6915
6937
6939
6966
6969
6971
6978
6979
6982
6992
6998
7001
7039
7061
7063
7159
7175
7199
7201
7216
7217
7220
7223
7226
7229
7232
7237
7240
7241
7243
7245
7247
7253
7256
7260
7261
7262
7265
7266
7270
7274
7275
7285
7287
7290
7292
7294
7296
7300
7539
7552
7685
7686
7689
7690
7693
7695
7702
7706
7710
7712
7714
7716
7718
7720
7722
7724
7726
7728
7730
7732
7734
7738
7740
7742
7746
7751
7753
7755
7757
7759
7761
7763
7765
7767
7769
7771
7775
7777
7779
7781
7783
7785
7787
7790
7794
7797
7798
7800
7817
7818
7820
7822
7827
7829
7835
7838
7844
7903
7951
7963
8094
8103
8104
8111
8113
8116
8118
8120
8121
8124
8126
8127
8129
8130
8133
8134
8137
8138
8142
8148
8154
8160
8166
8192
8202
8348
8385
8387
8390
8391
8393
8396
8398
8404
8409
8415
8419
8425
8427
8429
8430
8431
8436
8448
8453
8454
8456
8459
8462
8466
8468
8471
8472
8477
8478
8481
8482
8486
8490
8492
8495
8497
8499
8501
8503
8505
8506
8511
8514
8516
8519
8521
8522
8525
8526
8539
8558
8559
8565
8567
8570
8574
8578
8580
8587
8590
8592
8598
8599
8602
8603
8608
8610
8633
8635
8705
8718
8719
8723
8725
8733
8736
8751
8758
8763
8767
8769
8950
8952
8955
8959
8962
8963
8966
8970
8972
8974
8982
8984
8990
8993
8998
9003
9018
9021
9025
9028
9031
9032
9034
9045
9076
9314
9344
9374
9393
9455
9466
9494
9542
9566
9568
9571
9574
9577
9583
9586
9591
9592
9596
9599
9601
9607
9610
9614
9621
9626
9629
9630
9632
9635
9636
9646
9653
9668
9775
9834
9958
9962
9964
9970
9990
9995
9996
10005
10015
10017
10031
10036
10038
10369
10385
10392
10395
10396
10398
10401
10404
10410
10412
10415
10418
10420
10425
10428
10431
10436
10438
10441
10444
10450
10458
10461
10463
10465
10467
10470
10473
10478
10484
10486
10488
10492
10494
10495
10497
10504
10513
10969
11209
11211
11213
11217
11221
11224
11232
11235
11236
11237
11240
11249
11251
11253
11255
11257
11267
11269
11272
11276
11280
11282
11286
11287
11292
11294
11304
11305
11307
11309
11311
11313
11317
11324
11326
11328
11330
11334
11342
11353
11356
11373
11374
11375
11392
11394
11564
11609
11621
11626
11629
11632
11634
11636
11638
11640
11647
11649
11650
11653
11654
11659
11663
11667
11676
11678
11683
11687
11688
11693
11696
11700
11706
11710
11721
11731
11761
11865
11970
12051
12055
12056
12059
12079
12083
12086
12113
12120
12311
12318
12320
12324
12327
12332
12334
12337
12343
12345
12348
12351
12354
12356
12358
12360
12363
12365
12368
12370
12375
12378
12386
12391
12393
12394
12397
12399
12418
12420
12473
12694
12701
12703
12707
12709
12712
12719
12722
12726
12730
12735
12741
12743
12748
12752
12762
12764
12770
12777
12779
12782
12787
12791
12795
12802
12804
12806
12809
12820
12925
12977
12981
12986
12990
12993
13002
13005
13010
13012
13016
13021
13024
13037
13040
13047
13052
13059
13064
13067
13072
13173
13188
13196
13289
13292
13298
13302
13310
13314
13318
13322
13325
13327
13328
13330
13334
13365
13510
13699
13743
13744
13749
13751
13754
13758
13761
13762
13765
13766
13778
13785
13787
13791
13794
13800
13805
13809
13812
13823
13825
13827
13829
13831
13833
13839
13845
13851
13856
13861
13863
13865
13867
13871
13873
13875
13877
13879
13883
13886
13901
14043
14045
14048
14051
14053
14065
14067
14070
14075
14076
14078
14080
14261
14286
14292
14296
14298
14300
14303
14309
14366
14375
14378
14380
14385
14388
14395
14398
14399
14401
14405
14408
14411
14415
14418
14419
14420
14423
14425
14440
14443
14448
14456
14457
14461
14466
14470
14474
14480
14486
14488
14490
14492
14494
14499
14503
14505
14507
14522
14528
14530
14532
14534
14537
14539
14541
14542
14545
14551
14553
14555
14557
14561
14565
14568
14569
14573
14577
14581
14595
14601
14603
14613
14615
14621
14622
14625
14633
14638
14639
14643
14650
14653
14656
14661
14664
14668
14674
14680
14683
14685
14686
14705
14707
14709
14711
14772
14793
14821
14849
14869
14875
14899
14929
14963
14970
14971
14974
14977
14980
14988
14997
15003
15016
15023
15028
15032
15054
15085
15278
15286
15295
15299
15301
15304
15305
15313
15317
15319
15321
15326
15329
15333
15337
15339
15343
15345
15356
15358
15359
15361
15362
15366
15367
15370
15372
15374
15403
15451
15466
15472
15678
15727
15738
15769
15786
15838
15841
15844
15847
15848
15850
15852
15855
15857
15890
15893
15940
16062
16065
16072
16074
16077
16081
16082
16086
16088
16091
16093
16095
16097
16106
16112
16118
16213
16250
16267
16277
16280
16283
16286
16291
16294
16298
16302
16304
16307
16310
16314
16316
16320
16324
16327
16329
16333
16335
16337
16339
16343
16344
16347
16350
16352
16354
16356
16358
16360
16362
16367
16369
16371
16372
16373
16388
16390
16396
16398
16465
16467
16671
16708
16725
16726
16729
16731
16734
16739
16743
16745
16748
16753
16758
16760
16762
16764
16766
16768
16770
16774
16775
16780
16785
16788
16791
16797
16802
16815
16822
16827
16936
16988
16989
16992
16995
16996
17002
17004
17007
17009
17010
17012
17017
17019
17023
17026
17029
17033
17040
17044
17045
17071
17073
17075
17084
17118
17265
17372
17593
17624
17710
17907
17928
17945
17989
18198
18261
18262
18266
18269
18271
18273
18276
18277
18281
18291
18516
18522
18525
18528
18532
18534
18536
18538
18545
18549
18552
18558
18564
18568
18573
18575
18577
18581
18583
18587
18589
18594
18595
18597
18599
18601
18603
18607
18630
18645
18686
18687
18689
18691
18698
18701
18703
18705
18707
18711
18715
18719
18721
18725
18731
18734
18737
18739
18741
18747
18751
18754
18756
18758
18760
18769
18773
18775
18786
18789
18801
18804
18809
18823
18832
18835
18845
18852
18862
18865
18869
18872
18876
18877
18890
18898
18900
18903
18911
18914
18924
18929
18940
18946
18953
18960
18964
18973
19099
19272
19285
19288
19289
19293
19295
19297
19304
19305
19308
19311
19324
19326
19332
19416
19417
19419
19422
19425
19430
19431
19434
19435
19438
19440
19442
19444
19452
19454
19456
19458
19465
19473
19475
19480
19481
19500
19505
19508
19512
19513
19516
19520
19522
19526
19529
19533
19539
19545
19551
19557
19561
19563
19565
19566
19569
19572
19573
19581
19590
19592
19595
19665
19765
19769
19775
19781
19785
19789
19800
19805
19814
19816
19867
19963
20032
20249
20255
20257
20261
20272
20274
20275
20277
20279
20280
20283
20286
20287
20290
20304
20305
20313
20316
20341
20409
20411
20556
20618
20651
20659
20681
20684
20690
20695
20697
20705
20710
20712
20714
20716
20720
20734
20738
20740
20741
20744
20753
20760
20763
20765
20766
20767
20772
20792
20876
20918
20924
20927
20931
20934
20936
20937
20940
20942
20951
20953
20956
20958
20964
20973
20981
20992
20994
20995
21009
21017
21026
21072
21185
21187
21189
21191
21194
21197
21198
21202
21203
21205
21206
21208
21211
21222
21260
21357
21526
21566
21606
21724
21727
21728
21737
21740
21742
21743
21747
21762
21764
21768
21770
21776
21778
21780
21782
21784
21786
21788
21790
21798
21800
21801
21804
21805
21807
21810
21828
22044
22048
22052
22054
22058
22060
22067
22071
22073
22075
22077
22079
22081
22084
22088
22089
22092
22099
22104
22110
22116
22122
22126
22130
22144
22188
22197
22199
22337
22379
22513
22534
22536
22539
22541
22545
22550
22556
22562
22568
22582
22605
22608
22651
22673
22782
22792
22793
22795
22798
22801
22803
22807
22812
22816
22818
22820
22821
22824
22827
22831
22833
22835
22838
22841
22844
22845
22846
22847
22850
22851
22852
22854
22857
22859
22865
22866
22881
22888
22910
22923
22940
23043
23148
23152
23156
23161
23172
23177
23179
23181
23183
23185
23187
23189
23192
23193
23196
23200
23213
23220
23221
23224
23226
23229
23233
23235
23237
23239
23241
23253
23261
23268
23274
23276
23278
23347
23613
23693
23875
23902
23936
24024
24044
24298
24299
24301
24304
24308
24309
24311
24314
24315
24317
24322
24323
24326
24332
24333
24336
24338
24341
24343
24347
24349
24351
24354
24358
24361
24368
24372
24380
24383
24386
24484
24535
24624
24734
24736
24777
24796
25040
25096
25122
25124
25128
25129
25132
25134
25136
25141
25142
25145
25147
25150
25152
25157
25192
25197
25200
25203
25206
25210
25216
25296
25843
25847
25855
25861
25862
25880
25883
25893
25896
25899
25908
25911
25926
25934
25936
25940
25945
25955
25957
25963
25965
25967
25969
25972
25988
25990
25992
25998
26138
26156
26157
26159
26163
26167
26170
26171
26174
26179
26181
26184
26186
26189
26191
26193
26198
26200
26202
26204
26206
26207
26208
26213
26216
26217
26219
26220
26221
26226
26238
26320
26375
26386
26400
26441
26460
26466
26484
26533
26602
26604
26610
26612
26614
26618
26622
26624
26627
26634
26637
26639
26641
26649
26664
26676
26678
26680
26683
26760
27160
27216
27219
27221
27224
27227
27230
27232
27234
27236
27242
27250
27260
27262
27264
27269
27273
27282
27289
27292
27296
27303
27307
27321
27323
27327
27331
27334
27338
27342
27344
27346
27350
27352
27354
27362
27369
27379
27382
27387
27389
27391
27393
27395
27397
27399
27401
27403
27405
27407
27411
27413
27441
27445
27451
27694
27696
27697
27699
27702
27703
27706
27708
27710
27715
27719
27720
27721
27723
27731
27734
27739
27747
27753
27758
27765
27769
27773
27775
27782
27793
27795
27800
27812
27814
27816
27827
27832
27836
27845
27850
27852
27857
27863
27871
27880
27912
27915
27917
27920
27923
27929
27933
27935
27938
27944
27950
27956
27962
27967
27968
27972
28037
28039
28045
28047
28049
28051
28054
28058
28062
28065
28068
28100
28203
28230
28257
28357
28358
28360
28363
28365
28369
28371
28374
28379
28381
28383
28409
28418
28424
28426
28429
28432
28435
28436
28439
28441
28445
28446
28450
28455
28458
28460
28462
28464
28466
28468
28470
28478
28482
28498
28504
28505
28510
28513
28520
28526
28536
28540
28545
28547
28556
28560
28564
28568
28570
28572
28575
28576
28580
28583
28586
28588
28589
28593
28596
28598
28603
28609
28614
28642
28644
28646
28650
28660
28690
28695
28698
28702
28703
28706
28708
28714
28720
28803
28957
28958
28963
28965
28969
28971
28973
28975
28976
28980
28983
28984
28988
28992
28995
28997
29001
29004
29006
29010
29013
29015
29019
29021
29023
29025
29027
29042
29044
29051
29053
29054
29087
29132
29235
29238
29241
29244
29247
29249
29256
29258
29260
29261
29270
29280
29284
29292
29295
29302
29309
29319
29365
29411
29467
29552
29569
29573
29603
29605
29608
29610
29614
29630
29635
29637
29639
29642
29644
29648
29650
29652
29654
29656
29658
29662
29665
29667
29669
29676
29678
29681
29687
29771
29789
29916
29918
29924
29927
29938
29943
29952
29957
29982
30091
30095
30098
30103
30105
30109
30111
30116
30117
30121
30123
30127
30135
30137
30143
30173
30179
30186
30190
30235
30390
30394
30401
30403
30419
30421
30423
30429
30435
30445
30447
30455
30460
30462
30463
30467
30471
30489
30562
30572
30574
30580
30589
30591
30592
30596
30598
30600
30602
30603
30606
30608
30618
30620
30623
30627
30629
30631
30634
30637
30640
30642
30647
30649
30671
30673
30679
30683
30688
30689
30696
30794
30946
30949
30951
30972
31516
31526
32438
32440
32443
32447
32450
32453
32469
32497
32499
32502
32506
32508
32510
32514
32516
32523
32530
32532
32534
32536
32538
32540
32542
32545
32550
32553
32555
32564
32568
33494
33711
33762
33766
33983
33990
33995
33999
34006
34014
34020
34022
34027
34031
34034
34042
34050
34052
34055
34056
34060
34062
34066
34070
34072
34075
34077
34080
34082
34085
34101
34218
34288
34349
34358
34373
34382
34593
34656
34657
34661
34664
34667
34669
34673
34675
34677
34683
34690
34692
34695
34701
34702
34705
34706
34707
34708
34711
34712
34713
34715
34717
34721
34723
34725
34737
34745
34753
34755
34757
34763
34765
34773
34778
34786
34787
34894
34896
34897
34901
34903
34905
34933
34938
34942
34948
34954
34957
34958
34960
34966
34998
35044
35055
35065
35076
35092
35098
35102
35115
35309
35315
35316
35327
35335
35338
35342
35344
35345
35352
35354
35357
35364
35390
35391
35393
35397
35398
35401
35404
35409
35414
35417
35420
35421
35426
35428
35432
35437
35441
35443
35446
35449
35453
35455
35460
35471
35477
35483
35498
35576
35588
35664
35692
35704
35705
35720
35723
35725
35726
35727
35730
35733
35735
35737
35752
35796
35797
35799
35802
35805
35808
35811
35817
35819
35821
35822
35825
35826
35828
35829
35832
35833
35835
35837
35839
35843
35845
35849
35852
35855
35857
35859
35865
35866
35869
35870
35875
35877
35895
35949
35954
35957
35960
35969
35972
35973
35978
35981
35983
35985
35987
35989
35991
35993
35995
36003
36010
36012
36014
36016
36020
36022
36024
36028
36031
36035
36037
36039
36085
36094
36097
36100
36104
36109
36114
36131
36139
36145
36159
36164
36166
36169
36172
36175
36177
36193
36239
36242
36250
36252
36256
36258
36266
36269
36272
36279
36283
36284
36288
36291
36295
36311
36317
36420
36551
36566
36596
36612
36742
36745
36748
36751
36754
36759
36763
36767
36770
36774
36779
36782
36796
36798
36800
36804
36809
36826
36830
36834
36836
36837
36854
36857
36862
36863
36867
36877
36883
36925
36942
37387
37401
37429
37430
37432
37435
37438
37446
37447
37450
37452
37454
37456
37458
37460
37462
37471
37478
37480
37487
37489
37491
37493
37495
37499
37503
37507
37515
37521
37532
37574
37582
37584
37588
37590
37609
37612
37616
37623
37630
37633
37637
37638
37642
37647
37648
37650
37651
37653
37654
37658
37661
37663
37667
37674
37676
37681
37688
37691
37694
37700
37704
37707
37710
37711
37719
37720
37723
37727
37731
37732
37734
37735
37738
37744
37750
37766
37781
37947
38026
38041
38055
38061
38063
38065
38081
38084
38087
38092
38098
38104
38106
38108
38116
38119
38121
38129
38131
38137
38145
38147
38157
38159
38168
38170
38173
38175
38176
38180
38187
38189
38190
38193
38195
38199
38205
38209
38213
38219
38223
38229
38251
38263
38275
38295
38319
38335
38356
38367
38380
38384
38404
38428
38444
38458
38472
38474
38489
38491
38496
38799
38882
39698
39701
39703
39708
39712
39716
39720
39722
39723
39724
39727
39729
39730
39731
39734
39737
39738
39739
39742
39746
39752
39764
39770
39774
39776
39786
39793
39795
39801
39803
39807
39836
39955
40333
40338
40348
40356
40362
40369
40371
40376
40378
40382
40402
40406
40408
40419
40461
40483
40597
40690
40715
40912
40924
40948
41188
41189
41192
41196
41199
41201
41203
41205
41206
41209
41211
41213
41215
41217
41219
41221
41223
41225
41227
41233
41240
41241
41244
41246
41247
41250
41252
41257
41260
41263
41265
41267
41274
41281
41284
41286
41290
41295
41297
41299
41301
41303
41310
41312
41317
41480
41495
41577
41587
41598
41625
41717
41853
41902
42010
42022
42355
42356
42358
42362
42366
42369
42374
42378
42379
42381
42382
42385
42387
42389
42391
42392
42395
42398
42405
42407
42409
42412
42419
42421
42423
42428
42431
42439
42442
42443
42445
42446
42464
42468
42474
42479
42487
42605
42606
42610
42613
42618
42621
42623
42624
42627
42628
42635
42636
42639
42643
42644
42646
42647
42649
42651
42654
42655
42656
42658
42662
42666
42670
42674
42677
42678
42682
42686
42689
42690
42694
42698
42702
42705
42706
42710
42713
42714
42718
42721
42722
42726
42730
42733
42734
42737
42738
42741
42742
42745
42746
42749
42750
42753
42754
42758
42761
42762
42765
42766
42769
42773
42777
42789
42802
42806
42810
42814
42818
42821
42822
42826
42830
42834
42838
42841
42842
42846
42850
42854
42858
42862
42866
42870
42874
42878
42882
42885
42886
42890
42894
42897
42898
42901
42902
42906
42910
42914
42917
42918
42922
42926
42930
42934
42937
42938
42942
42945
42946
42949
42950
42953
42957
42958
42962
42965
42966
42969
42970
42974
42978
42981
42982
42986
42990
42994
42998
43002
43005
43006
43009
43010
43013
43014
43018
43022
43026
43030
43034
43037
43038
43041
43042
43046
43049
43050
43054
43058
43061
43062
43066
43070
43074
43078
43081
43082
43085
43086
43089
43090
43094
43098
43101
43102
43106
43110
43113
43114
43117
43118
43121
43122
43125
43126
43129
43130
43134
43137
43138
43141
43142
43145
43146
43150
43154
43158
43162
43165
43166
43170
43173
43174
43177
43189
43190
43193
43194
43198
43201
43202
43206
43210
43214
43221
43222
43226
43243
43396
43426
43433
43484
43485
43490
43492
43497
43507
43508
43512
43513
43556
43702
44061
44076
44079
44082
44084
44086
44088
44090
44094
44096
44099
44101
44103
44109
44112
44115
44121
44123
44125
44128
44130
44132
44134
44138
44142
44143
44146
44147
44151
44152
44156
44157
44161
44166
44171
44172
44176
44177
44181
44182
44186
44189
44190
44191
44194
44195
44199
44200
44203
44204
44207
44211
44215
44219
44223
44224
44228
44230
44264
44598
44607
44678
44708
45075
45078
45080
45085
45088
45091
45094
45097
45100
45109
45116
45123
45125
45127
45128
45133
45137
45146
45150
45154
45158
45165
45170
45174
45181
45185
45189
45194
45196
45198
45202
45206
45207
45208
45212
45218
45224
45256
45263
45267
45270
45274
45278
45280
45284
45287
45293
45296
45298
45361
45370
45371
45373
45382
45388
45394
45400
45419
45423
45427
45430
45454
45469
45677
45681
45683
45689
45694
45698
45699
45703
45705
45706
45710
45712
45717
45718
45720
45730
45743
45746
45768
45775
45801
46046
46047
46050
46054
46056
46060
46065
46069
46070
46072
46075
46077
46079
46081
46089
46091
46092
46097
46099
46103
46105
46107
46109
46111
46113
46115
46117
46119
46121
46123
46127
46131
46134
46138
46139
46146
46151
46160
46162
46164
46168
46173
46176
46200
46207
46215
46216
46249
46636
46648
46649
46651
46654
46656
46659
46662
46663
46665
46667
46668
46672
46675
46680
46686
46690
46692
46693
46697
46710
46733
47011
47032
47033
47044
47046
47051
47053
47058
47059
47063
47069
47074
47080
47084
47089
47147
47276
47277
47280
47283
47285
47289
47295
47300
47306
47308
47309
47315
47316
47319
47321
47327
47329
47331
47339
47343
47353
47354
47379
47393
47406
47411
47432
47445
47453
47577
47617
47628
47713
47757
47770
47897
47902
47909
47923
47925
47928
47930
47934
47935
47941
47945
47949
47951
47953
47955
47957
47962
47964
47966
47968
47972
47978
47980
47982
47983
47985
47987
47990
47995
47997
47999
48001
48003
48007
48010
48012
48016
48018
48022
48024
48026
48028
48029
48030
48033
48035
48039
48040
48041
48117
48170
48175
48178
48180
48181
48187
48188
48191
48195
48203
48207
48212
48221
48226
48228
48251
48254
48264
48266
48280
48282
48323
48327
48328
48405
48525
48539
48553
48620
48621
48623
48625
48627
48629
48632
48637
48642
48646
48652
48655
48682
48736
48835
48841
48852
48913
48914
48916
48919
48920
48924
48927
48929
48931
48933
48935
48939
48945
48946
48949
48960
48963
48967
48988
48996
49011
49078
49303
49344
49386
49435
49438
49441
49444
49455
49460
49464
49472
49488
49493
49504
49515
49517
49526
49529
49531
49537
49542
49544
49548
49554
49557
49558
49559
49573
49577
49579
49581
49583
49589
49605
49617
49623
49704
49719
49742
49747
49790
49834
49838
49842
49844
49848
49856
49869
49871
49873
49875
49877
49881
49883
49886
49888
49890
49891
49893
49894
49897
49899
49901
49905
49908
49913
49917
49919
49931
49934
49935
49936
49937
49941
49945
49949
49954
49956
49957
49964
49979
49982
49989
49993
49999
50024
50047
50055
50057
50059
50061
50064
50067
50069
50072
50079
50080
50083
50084
50088
50094
50096
50097
50106
50110
50121
50125
50128
50131
50134
50140
50185
50190
50193
50198
50204
50206
50209
50211
50215
50218
50219
50221
50223
50227
50228
50231
50232
50233
50234
50237
50238
50241
50245
50246
50251
50253
50254
50259
50265
50271
50275
50286
50301
50305
50308
50311
50317
50320
50324
50326
50328
50330
50331
50332
50343
50350
50354
50355
50356
50358
50359
50360
50362
50368
50369
50371
50372
50373
