0	13
0	77
0	78
0	116
0	120
0	159
0	238
0	239
0	257
0	267
0	453
0	512
0	584
0	612
0	660
0	694
0	711
0	764
0	774
0	790
0	867
0	900
0	907
0	928
0	1030
0	1091
0	1145
0	1146
0	1228
0	1296
0	1381
0	1414
0	1544
0	1577
0	1599
0	1602
0	1634
0	1681
0	1783
0	1838
0	1871
0	1965
0	2048
0	2050
0	2055
0	2060
0	2069
0	2085
0	2096
0	2097
0	2103
0	2104
0	2109
0	2115
0	2116
0	2118
0	2125
0	2127
0	2133
0	2135
0	2137
0	2139
0	2164
0	2173
0	2186
0	2209
0	2240
0	2279
0	2289
0	2298
0	2326
0	2330
0	2339
0	2375
0	2381
0	2386
0	2439
0	2462
0	2509
0	2585
0	2713
0	2744
0	2909
0	3031
0	3036
0	3076
0	3077
0	3078
0	3079
0	3081
0	3084
0	3099
0	3112
0	3130
0	3160
0	3161
0	3164
0	3169
0	3185
0	3192
0	3215
0	3217
0	3232
0	3274
0	3276
0	3283
0	3295
0	3320
0	3331
0	3333
0	3388
0	3390
0	3391
0	3434
0	3435
0	3447
0	3452
0	3466
0	3480
0	3490
0	3491
0	3574
0	3575
0	3600
0	3607
0	3611
0	3621
0	3627
0	3629
0	3630
0	3632
0	3638
0	3665
0	3675
0	3679
0	3689
0	3714
0	3719
0	3764
0	3765
0	3766
0	3781
0	3799
0	3840
0	3859
0	3865
0	3894
0	3912
0	3924
0	3926
0	3938
0	3947
0	3979
0	3981
0	3982
0	4025
0	4029
0	4032
0	4036
0	4046
0	4062
0	4077
0	4078
0	4079
0	4086
0	4094
0	4097
0	4098
0	4112
0	4129
0	4139
0	4152
0	4167
0	4173
0	4188
0	4195
0	4243
0	4250
0	4278
0	4279
0	4280
0	4282
0	4287
0	4289
0	4290
0	4292
0	4322
0	4323
0	4326
0	4328
0	4357
0	4361
0	4416
0	4425
0	4426
0	4429
0	4475
0	4490
0	4509
0	4514
0	4526
0	4537
0	4546
0	4562
0	4563
0	4569
0	4575
0	4577
0	4618
0	4671
0	4673
0	4686
0	4693
0	4711
0	4723
0	4744
0	4752
0	4753
0	4754
0	4772
0	4808
0	4809
0	4823
0	4825
0	4828
0	4841
0	4866
0	4929
0	4956
0	4959
0	4970
0	4994
0	5040
0	5047
0	5048
0	5054
0	5055
0	5061
0	5071
0	5078
0	5089
0	5093
0	5095
0	5104
0	5122
0	5140
0	5141
0	5147
0	5160
0	5162
0	5173
0	5174
0	5181
0	5200
0	5240
0	5257
0	5280
0	5293
0	5294
0	5299
0	5301
0	5305
0	5312
0	5314
0	5340
0	5342
0	5362
0	5363
0	5371
0	5382
0	5384
0	5423
0	5430
0	5437
0	5438
0	5446
0	5464
0	5469
0	5478
0	5487
0	5527
0	5528
0	5538
0	5557
0	5561
0	5592
0	5594
0	5598
0	5602
0	5626
0	5627
0	5644
0	5670
0	5678
0	5686
0	5692
0	5694
0	5717
0	5723
0	5726
0	5733
0	5734
0	5749
0	5756
0	5767
0	5807
0	5816
0	5821
0	5836
0	5850
0	5856
0	5870
0	5871
0	5882
0	5895
0	5932
0	5934
0	5955
0	5965
0	5968
0	5986
0	6018
0	6019
0	6020
0	6034
0	6041
0	6068
0	6085
0	6100
0	6102
0	6106
0	6111
0	6117
0	6118
0	6119
0	6120
0	6130
0	6131
0	6138
0	6144
0	6155
0	6218
0	6219
0	6229
0	6239
0	6260
0	6261
0	6263
0	6273
0	6334
0	6336
0	6337
0	6353
0	6374
0	6386
0	6389
0	6407
0	6409
0	6415
0	6419
0	6420
0	6421
0	6426
0	6433
0	6453
0	6454
0	6455
0	6458
0	6467
0	6487
0	6514
0	6515
0	6527
0	6543
0	6558
0	6559
0	6572
0	6573
0	6575
0	6601
0	6614
0	6629
0	6632
0	6641
0	6645
0	6652
0	6692
0	6699
0	6701
0	6707
0	6744
0	6756
0	6772
0	6775
0	6790
0	6814
0	6816
0	6831
0	6835
0	6866
0	6876
0	6880
0	6882
0	6889
0	6890
0	6893
0	6926
0	6942
0	6945
0	6949
0	6972
0	6973
0	6974
0	6981
0	6983
0	6988
0	6998
0	7002
0	7042
0	7048
0	7090
0	7091
0	7105
0	7108
0	7109
0	7125
0	7133
0	7176
0	7179
0	7185
0	7215
0	7217
0	7221
0	7222
0	7239
0	7244
0	7264
0	7271
0	7276
0	7320
0	7326
0	7358
0	7359
0	7430
0	7481
0	7485
0	7498
0	7503
0	7504
0	7509
0	7521
0	7542
0	7549
0	7553
0	7556
0	7562
0	7582
0	7586
0	7594
0	7596
0	7615
0	7617
0	7622
0	7626
0	7630
0	7640
0	7651
0	7654
0	7659
0	7690
0	7712
0	7716
0	7718
0	7760
0	7785
0	7798
0	7830
0	7837
0	7859
0	7868
0	7875
0	7908
0	7909
0	7962
0	7971
0	7974
0	7988
0	7991
0	7998
0	8000
0	8004
0	8007
0	8022
0	8031
0	8036
0	8040
0	8045
0	8048
0	8050
0	8052
0	8056
0	8058
0	8061
0	8085
0	8098
0	8120
0	8124
0	8133
0	8144
0	8178
0	8180
0	8181
0	8182
0	8186
0	8188
0	8197
0	8211
0	8217
0	8219
0	8231
0	8235
0	8288
0	8294
0	8295
0	8301
0	8307
0	8314
0	8315
0	8320
0	8343
0	8348
0	8354
0	8365
0	8366
0	8385
0	8427
0	8429
0	8430
0	8436
0	8450
0	8486
0	8488
0	8500
0	8510
0	8512
0	8567
0	8585
0	8612
0	8615
0	8622
0	8628
0	8631
0	8640
0	8666
0	8668
0	8689
0	8698
0	8723
0	8730
0	8737
0	8758
0	8759
0	8792
0	8802
0	8817
0	8822
0	8831
0	8832
0	8834
0	8839
0	8841
0	8842
0	8849
0	8854
0	8866
0	8869
0	8879
0	8889
0	8907
0	8909
0	8910
0	8913
0	8917
0	8934
0	8942
0	8944
0	8951
0	8967
0	8970
0	8972
0	8978
0	9009
0	9011
0	9013
0	9117
0	9122
0	9146
0	9147
0	9209
0	9245
0	9248
0	9262
0	9288
0	9296
0	9297
0	9305
0	9316
0	9320
0	9325
0	9338
0	9363
0	9391
0	9399
0	9402
0	9403
0	9404
0	9408
0	9456
0	9469
0	9470
0	9531
0	9532
0	9539
0	9545
0	9550
0	9555
0	9560
0	9592
0	9596
0	9639
0	9640
0	9641
0	9651
0	9653
0	9654
0	9662
0	9692
0	9696
0	9706
0	9715
0	9716
0	9718
0	9748
0	9759
0	9761
0	9763
0	9770
0	9779
0	9805
0	9826
0	9842
0	9849
0	9850
0	9861
0	9865
0	9886
0	9930
0	9948
0	9959
0	9964
0	9970
0	10008
0	10009
0	10014
0	10023
0	10024
0	10037
0	10042
0	10049
0	10051
0	10060
0	10063
0	10081
0	10082
0	10092
0	10093
0	10107
0	10109
0	10114
0	10128
0	10161
0	10168
0	10214
0	10224
0	10241
0	10255
0	10256
0	10260
0	10262
0	10265
0	10276
0	10281
0	10282
0	10298
0	10301
0	10305
0	10306
0	10309
0	10328
0	10331
0	10364
0	10365
0	10372
0	10374
0	10382
0	10389
0	10409
0	10412
0	10418
0	10421
0	10425
0	10429
0	10450
0	10456
0	10507
0	10510
0	10519
0	10527
0	10528
0	10539
0	10542
0	10549
0	10573
0	10577
0	10586
0	10588
0	10597
0	10611
0	10619
0	10624
0	10630
0	10634
0	10651
0	10660
0	10683
0	10693
0	10709
0	10710
0	10728
0	10730
0	10754
0	10760
0	10764
0	10765
0	10766
0	10774
0	10790
0	10794
0	10799
0	10801
0	10815
0	10819
0	10833
0	10846
0	10848
0	10854
0	10855
0	10859
0	10867
0	10868
0	10879
0	10890
0	10896
0	10899
0	10903
0	10904
0	10937
0	10952
0	10983
0	10984
0	10986
0	10996
0	11038
0	11040
0	11053
0	11054
0	11057
0	11078
0	11086
0	11101
0	11106
0	11129
0	11152
0	11166
0	11169
0	11182
0	11191
0	11200
0	11215
0	11229
0	11259
0	11268
0	11279
0	11281
0	11283
0	11290
0	11296
0	11308
0	11318
0	11328
0	11340
0	11351
0	11358
0	11366
0	11376
0	11386
0	11392
0	11404
0	11405
0	11407
0	11409
0	11419
0	11432
0	11439
0	11454
0	11465
0	11499
0	11511
0	11516
0	11543
0	11557
0	11560
0	11567
0	11590
0	11599
0	11600
0	11610
0	11621
0	11624
0	11675
0	11687
0	11688
0	11692
0	11695
0	11708
0	11717
0	11727
0	11732
0	11735
0	11750
0	11754
0	11755
0	11779
0	11785
0	11789
0	11799
0	11823
0	11835
0	11838
0	11862
0	11863
0	11897
0	11899
0	11901
0	11902
0	11911
0	11922
0	11977
0	11986
0	11991
0	11997
0	11998
0	11999
0	12005
0	12024
0	12034
0	12038
0	12072
0	12083
0	12089
0	12100
0	12103
0	12106
0	12109
0	12114
0	12116
0	12117
0	12133
0	12136
0	12140
0	12146
0	12159
0	12160
0	12163
0	12175
0	12176
0	12209
0	12219
0	12220
0	12240
0	12250
0	12251
0	12261
0	12277
0	12322
0	12333
0	12356
0	12364
0	12367
0	12385
0	12392
0	12413
0	12416
0	12418
0	12432
0	12446
0	12447
0	12452
0	12459
0	12466
0	12470
0	12471
0	12472
0	12474
0	12475
0	12483
0	12515
0	12516
0	12551
0	12556
0	12578
0	12594
0	12603
0	12637
0	12654
0	12793
0	12808
0	12817
0	12823
0	12892
0	12896
0	12903
0	12905
0	12913
0	12944
0	13078
1	4
1	9
1	14
1	15
1	30
1	31
1	32
1	33
1	51
1	65
1	72
1	81
1	88
1	90
1	94
1	103
1	110
1	118
1	128
1	136
1	138
1	144
1	145
1	153
1	157
1	161
1	164
1	170
1	173
1	174
1	175
1	177
1	178
1	184
1	189
1	198
1	203
1	205
1	207
1	227
1	229
1	231
1	232
1	235
1	237
1	252
1	256
1	261
1	263
1	265
1	266
1	269
1	270
1	271
1	272
1	273
1	279
1	282
1	283
1	285
1	292
1	293
1	294
1	303
1	306
1	307
1	308
1	312
1	313
1	315
1	320
1	324
1	329
1	335
1	336
1	338
1	340
1	344
1	345
1	346
1	364
1	365
1	366
1	368
1	370
1	372
1	373
1	375
1	379
1	382
1	383
1	384
1	387
1	389
1	390
1	391
1	392
1	395
1	397
1	401
1	402
1	408
1	409
1	411
1	419
1	421
1	423
1	425
1	426
1	427
1	430
1	431
1	432
1	434
1	435
1	437
1	438
1	440
1	442
1	444
1	446
1	447
1	448
1	460
1	461
1	462
1	465
1	466
1	467
1	468
1	469
1	470
1	471
1	477
1	479
1	480
1	484
1	487
1	489
1	494
1	495
1	496
1	501
1	502
1	503
1	504
1	505
1	506
1	507
1	508
1	511
1	513
1	519
1	521
1	524
1	525
1	526
1	535
1	538
1	540
1	541
1	546
1	547
1	558
1	563
1	564
1	565
1	568
1	577
1	578
1	583
1	593
1	596
1	604
1	606
1	609
1	622
1	623
1	624
1	639
1	642
1	650
1	651
1	677
1	681
1	696
1	698
1	712
1	723
1	746
1	749
1	755
1	793
1	794
1	796
1	801
1	821
1	834
1	840
1	846
1	860
1	863
1	886
1	889
1	890
1	898
1	903
1	905
1	914
1	918
1	922
1	927
1	930
1	933
1	936
1	938
1	955
1	960
1	962
1	965
1	966
1	976
1	989
1	1006
1	1007
1	1017
1	1018
1	1031
1	1041
1	1051
1	1052
1	1063
1	1068
1	1075
1	1081
1	1085
1	1089
1	1090
1	1106
1	1125
1	1127
1	1143
1	1144
1	1147
1	1156
1	1158
1	1165
1	1189
1	1198
1	1207
1	1208
1	1212
1	1213
1	1220
1	1233
1	1234
1	1243
1	1252
1	1253
1	1255
1	1257
1	1259
1	1260
1	1264
1	1267
1	1276
1	1282
1	1283
1	1284
1	1288
1	1295
1	1300
1	1304
1	1332
1	1339
1	1340
1	1343
1	1350
1	1351
1	1357
1	1366
1	1389
1	1399
1	1402
1	1410
1	1422
1	1423
1	1435
1	1437
1	1442
1	1448
1	1449
1	1455
1	1456
1	1468
1	1494
1	1496
1	1507
1	1520
1	1530
1	1543
1	1546
1	1553
1	1554
1	1562
1	1584
1	1587
1	1588
1	1590
1	1601
1	1605
1	1606
1	1608
1	1632
1	1633
1	1635
1	1636
1	1641
1	1648
1	1653
1	1666
1	1670
1	1727
1	1734
1	1738
1	1739
1	1770
1	1772
1	1774
1	1781
1	1801
1	1809
1	1829
1	1830
1	1834
1	1847
1	1850
1	1852
1	1853
1	1858
1	1864
1	1873
1	1897
1	1902
1	1904
1	1907
1	1910
1	1915
1	1926
1	1930
1	1931
1	1932
1	1937
1	1979
1	1982
1	1986
1	2014
1	2019
1	2029
1	2065
1	2075
1	2151
1	2153
1	2160
1	2167
1	2168
1	2176
1	2188
1	2192
1	2216
1	2222
1	2226
1	2239
1	2247
1	2254
1	2260
1	2265
1	2267
1	2270
1	2290
1	2291
1	2300
1	2304
1	2306
1	2307
1	2314
1	2325
1	2329
1	2331
1	2333
1	2334
1	2350
1	2356
1	2362
1	2367
1	2373
1	2383
1	2385
1	2398
1	2399
1	2400
1	2401
1	2411
1	2421
1	2422
1	2423
1	2435
1	2437
1	2438
1	2442
1	2453
1	2457
1	2465
1	2488
1	2500
1	2506
1	2511
1	2513
1	2523
1	2531
1	2535
1	2547
1	2568
1	2570
1	2573
1	2577
1	2586
1	2589
1	2592
1	2595
1	2600
1	2610
1	2612
1	2619
1	2623
1	2636
1	2646
1	2655
1	2670
1	2671
1	2722
1	2729
1	2799
1	2879
1	2884
1	2918
1	2923
1	2925
1	2930
1	2934
1	2940
1	2944
1	2945
1	2954
1	2955
1	2956
1	2965
1	2972
1	2975
1	2976
1	2987
1	2994
1	3002
1	3012
1	3022
1	3041
1	3055
1	3057
1	3061
1	3200
1	3235
1	3280
1	3349
1	3436
1	3437
1	3442
1	3496
1	3516
1	3532
1	3572
1	3586
1	3614
1	3644
1	3647
1	3700
1	3709
1	3798
1	3804
1	3819
1	3833
1	3835
1	3878
1	3904
1	3911
1	3929
1	4018
1	4065
1	4068
1	4069
1	4092
1	4117
1	4122
1	4176
1	4204
1	4217
1	4230
1	4314
1	4396
1	4578
1	4586
1	4587
1	4715
1	4717
1	4722
1	4819
1	4889
1	4912
1	4918
1	4925
1	4933
1	5007
1	5119
1	5209
1	5210
1	5211
1	5212
1	5213
1	5214
1	5224
1	5231
1	5254
1	5308
1	5331
1	5333
1	5351
1	5354
1	5375
1	5418
1	5460
1	5492
1	5567
1	5639
1	5721
1	5945
1	5947
1	5976
1	5977
1	6023
1	6024
1	6083
1	6086
1	6189
1	6191
1	6193
1	6242
1	6248
1	6324
1	6424
1	6440
1	6471
1	6493
1	6528
1	6536
1	6586
1	6588
1	6592
1	6625
1	6717
1	6731
1	6739
1	6819
1	6850
1	6878
1	6883
1	6922
1	6924
1	6939
1	6966
1	6977
1	7025
1	7195
1	7241
1	7336
1	7382
1	7465
1	7483
1	7528
1	7544
1	7558
1	7632
1	7732
1	7742
1	7765
1	7777
1	7914
1	7948
1	8017
1	8063
1	8066
1	8080
1	8108
1	8109
1	8112
1	8155
1	8175
1	8189
1	8198
1	8203
1	8246
1	8254
1	8258
1	8285
1	8374
1	8393
1	8441
1	8442
1	8479
1	8493
1	8496
1	8526
1	8537
1	8547
1	8584
1	8611
1	8618
1	8623
1	8626
1	8705
1	8734
1	8762
1	8763
1	8769
1	8803
1	8858
1	8914
1	8935
1	8943
1	8973
1	9033
1	9034
1	9138
1	9139
1	9223
1	9324
1	9500
1	9587
1	9593
1	9638
1	9711
1	9794
1	9798
1	9831
1	9833
1	9841
1	9883
1	9894
1	9955
1	9960
1	9993
1	10022
1	10088
1	10103
1	10143
1	10157
1	10158
1	10159
1	10195
1	10209
1	10240
1	10303
1	10318
1	10360
1	10417
1	10422
1	10522
1	10568
1	10620
1	10652
1	10741
1	10746
1	10780
1	10781
1	10783
1	10784
1	10791
1	10813
1	10845
1	10850
1	10922
1	10932
1	10974
1	11004
1	11077
1	11114
1	11214
1	11232
1	11261
1	11273
1	11327
1	11506
1	11520
1	11563
1	11571
1	11678
1	11680
1	11710
1	11713
1	11782
1	11803
1	11807
1	11812
1	11853
1	11860
1	11964
1	11974
1	11990
1	12037
1	12080
1	12157
1	12158
1	12166
1	12190
1	12192
1	12196
1	12296
1	12314
1	12332
1	12379
1	12380
1	12393
1	12403
1	12423
1	12433
1	12490
1	12501
1	12511
1	12524
1	12534
1	12554
1	12586
1	12598
1	12622
1	12629
1	12652
1	12655
1	12669
1	12670
1	12674
1	12678
1	12680
1	12689
1	12692
1	12729
1	12730
1	12732
1	12733
1	12757
1	12769
1	12779
1	12790
1	12796
1	12801
1	12825
1	12831
1	12846
1	12858
1	12867
1	12868
1	12869
1	12887
1	12888
1	12897
1	12902
1	12918
1	12925
1	12940
1	12949
1	12953
1	12955
1	12956
1	12957
1	12958
1	12960
1	12961
1	12962
1	12963
1	12964
1	12967
1	12968
1	12969
1	12970
1	12971
1	12974
1	12975
1	12977
1	12978
1	12985
1	12986
1	12988
1	12989
1	12991
1	12993
1	12994
1	12995
1	12996
1	12997
1	12998
1	13001
1	13004
1	13011
1	13013
1	13014
1	13016
1	13017
1	13018
1	13022
1	13023
1	13025
1	13028
1	13029
1	13032
1	13034
1	13037
1	13038
1	13039
1	13040
1	13042
1	13043
1	13044
1	13047
1	13048
1	13050
1	13051
1	13059
1	13061
1	13062
1	13068
1	13072
1	13073
1	13074
1	13075
1	13076
1	13077
1	13079
2	12
2	56
2	68
2	71
2	89
2	125
2	133
2	199
2	226
2	240
2	248
2	258
2	264
2	297
2	314
2	349
2	472
2	543
2	573
2	591
2	595
2	599
2	601
2	602
2	603
2	605
2	607
2	608
2	610
2	626
2	627
2	629
2	630
2	633
2	635
2	645
2	648
2	649
2	664
2	665
2	671
2	688
2	701
2	706
2	708
2	709
2	717
2	724
2	725
2	727
2	728
2	731
2	747
2	751
2	753
2	757
2	766
2	772
2	773
2	775
2	779
2	783
2	788
2	799
2	800
2	804
2	808
2	814
2	816
2	817
2	820
2	828
2	854
2	855
2	856
2	869
2	880
2	892
2	897
2	901
2	906
2	908
2	910
2	911
2	917
2	923
2	924
2	943
2	945
2	948
2	950
2	956
2	975
2	999
2	1011
2	1021
2	1022
2	1035
2	1037
2	1044
2	1056
2	1069
2	1071
2	1072
2	1073
2	1076
2	1078
2	1079
2	1082
2	1083
2	1084
2	1086
2	1087
2	1095
2	1109
2	1112
2	1115
2	1118
2	1130
2	1152
2	1163
2	1166
2	1168
2	1170
2	1176
2	1184
2	1186
2	1187
2	1188
2	1192
2	1199
2	1203
2	1204
2	1210
2	1219
2	1221
2	1222
2	1244
2	1269
2	1271
2	1272
2	1273
2	1277
2	1306
2	1312
2	1313
2	1316
2	1333
2	1337
2	1346
2	1348
2	1353
2	1360
2	1368
2	1369
2	1370
2	1371
2	1372
2	1373
2	1375
2	1377
2	1378
2	1379
2	1383
2	1384
2	1392
2	1405
2	1428
2	1433
2	1445
2	1452
2	1457
2	1460
2	1466
2	1467
2	1470
2	1472
2	1481
2	1485
2	1489
2	1495
2	1506
2	1513
2	1515
2	1517
2	1523
2	1524
2	1525
2	1534
2	1537
2	1540
2	1550
2	1561
2	1566
2	1568
2	1576
2	1578
2	1592
2	1615
2	1618
2	1639
2	1719
2	1836
2	1922
2	1925
2	1961
2	1988
2	2053
2	2054
2	2057
2	2058
2	2084
2	2089
2	2091
2	2092
2	2093
2	2094
2	2107
2	2111
2	2120
2	2121
2	2122
2	2136
2	2147
2	2512
2	2534
2	2543
2	2544
2	2549
2	2564
2	2575
2	2588
2	2627
2	2633
2	2665
2	2667
2	2672
2	2946
2	3032
2	3034
2	3044
2	3052
2	3110
2	3117
2	3127
2	3128
2	3135
2	3145
2	3146
2	3147
2	3148
2	3168
2	3173
2	3236
2	3237
2	3245
2	3246
2	3247
2	3256
2	3264
2	3272
2	3275
2	3299
2	3322
2	3332
2	3334
2	3358
2	3359
2	3360
2	3362
2	3373
2	3374
2	3385
2	3413
2	3448
2	3456
2	3462
2	3469
2	3470
2	3471
2	3478
2	3495
2	3501
2	3517
2	3518
2	3519
2	3523
2	3525
2	3579
2	3584
2	3604
2	3612
2	3616
2	3633
2	3636
2	3640
2	3642
2	3704
2	3737
2	3740
2	3750
2	3771
2	3792
2	3824
2	3862
2	3864
2	3873
2	3874
2	3875
2	3877
2	3895
2	3900
2	3909
2	3921
2	3927
2	3939
2	3999
2	4011
2	4013
2	4021
2	4022
2	4023
2	4047
2	4056
2	4060
2	4061
2	4067
2	4095
2	4104
2	4132
2	4149
2	4156
2	4161
2	4218
2	4237
2	4263
2	4285
2	4295
2	4301
2	4371
2	4388
2	4398
2	4403
2	4409
2	4410
2	4422
2	4438
2	4442
2	4478
2	4493
2	4500
2	4515
2	4521
2	4530
2	4531
2	4544
2	4545
2	4548
2	4549
2	4554
2	4571
2	4614
2	4616
2	4639
2	4640
2	4656
2	4684
2	4685
2	4701
2	4705
2	4718
2	4742
2	4777
2	4779
2	4790
2	4795
2	4796
2	4799
2	4806
2	4818
2	4857
2	4869
2	4891
2	4894
2	4903
2	4905
2	4909
2	4926
2	4927
2	4953
2	4965
2	4985
2	4986
2	4988
2	4990
2	5025
2	5026
2	5030
2	5031
2	5032
2	5038
2	5041
2	5098
2	5137
2	5143
2	5161
2	5183
2	5188
2	5189
2	5190
2	5192
2	5196
2	5197
2	5198
2	5225
2	5227
2	5237
2	5244
2	5250
2	5260
2	5261
2	5278
2	5282
2	5316
2	5320
2	5324
2	5327
2	5328
2	5360
2	5361
2	5368
2	5396
2	5400
2	5401
2	5420
2	5472
2	5510
2	5514
2	5517
2	5526
2	5541
2	5546
2	5550
2	5560
2	5580
2	5614
2	5624
2	5635
2	5643
2	5648
2	5657
2	5659
2	5664
2	5666
2	5667
2	5668
2	5669
2	5687
2	5737
2	5748
2	5757
2	5760
2	5766
2	5777
2	5784
2	5796
2	5889
2	5907
2	5917
2	5925
2	5974
2	5981
2	5985
2	5988
2	6006
2	6011
2	6044
2	6053
2	6060
2	6066
2	6067
2	6076
2	6078
2	6079
2	6093
2	6094
2	6097
2	6122
2	6174
2	6186
2	6195
2	6196
2	6232
2	6235
2	6238
2	6240
2	6246
2	6249
2	6272
2	6284
2	6292
2	6303
2	6304
2	6326
2	6335
2	6338
2	6358
2	6367
2	6369
2	6371
2	6403
2	6404
2	6410
2	6423
2	6446
2	6456
2	6460
2	6462
2	6470
2	6482
2	6517
2	6518
2	6529
2	6533
2	6552
2	6567
2	6582
2	6585
2	6591
2	6597
2	6608
2	6618
2	6630
2	6671
2	6702
2	6705
2	6709
2	6722
2	6723
2	6724
2	6725
2	6742
2	6748
2	6755
2	6757
2	6760
2	6761
2	6774
2	6784
2	6785
2	6788
2	6840
2	6874
2	6894
2	6898
2	6910
2	6911
2	6916
2	6925
2	6935
2	6947
2	6956
2	6975
2	7006
2	7008
2	7017
2	7026
2	7058
2	7062
2	7099
2	7118
2	7119
2	7144
2	7158
2	7165
2	7199
2	7201
2	7212
2	7218
2	7252
2	7289
2	7311
2	7312
2	7338
2	7339
2	7342
2	7346
2	7362
2	7380
2	7409
2	7414
2	7432
2	7454
2	7456
2	7460
2	7482
2	7505
2	7507
2	7508
2	7561
2	7568
2	7572
2	7578
2	7600
2	7602
2	7603
2	7635
2	7671
2	7684
2	7686
2	7693
2	7702
2	7733
2	7778
2	7787
2	7800
2	7801
2	7812
2	7814
2	7822
2	7840
2	7843
2	7847
2	7850
2	7860
2	7900
2	7921
2	7927
2	7946
2	7947
2	7953
2	7957
2	7979
2	7982
2	8002
2	8010
2	8020
2	8023
2	8041
2	8054
2	8060
2	8084
2	8089
2	8099
2	8103
2	8151
2	8152
2	8153
2	8160
2	8173
2	8201
2	8226
2	8255
2	8256
2	8273
2	8283
2	8298
2	8310
2	8319
2	8322
2	8362
2	8373
2	8391
2	8397
2	8416
2	8420
2	8426
2	8439
2	8443
2	8461
2	8463
2	8470
2	8478
2	8489
2	8497
2	8515
2	8530
2	8558
2	8560
2	8565
2	8583
2	8589
2	8619
2	8627
2	8639
2	8642
2	8652
2	8653
2	8654
2	8675
2	8678
2	8679
2	8726
2	8740
2	8748
2	8761
2	8764
2	8772
2	8774
2	8775
2	8776
2	8779
2	8793
2	8805
2	8810
2	8813
2	8896
2	8898
2	8901
2	8931
2	8936
2	8952
2	8954
2	8976
2	8987
2	8991
2	9008
2	9010
2	9036
2	9040
2	9044
2	9045
2	9047
2	9066
2	9073
2	9087
2	9121
2	9132
2	9137
2	9140
2	9141
2	9142
2	9170
2	9186
2	9260
2	9261
2	9273
2	9286
2	9307
2	9321
2	9328
2	9343
2	9350
2	9351
2	9356
2	9366
2	9373
2	9395
2	9405
2	9429
2	9432
2	9433
2	9458
2	9462
2	9466
2	9468
2	9471
2	9472
2	9481
2	9483
2	9494
2	9495
2	9496
2	9497
2	9498
2	9502
2	9505
2	9511
2	9528
2	9529
2	9578
2	9588
2	9611
2	9614
2	9625
2	9635
2	9643
2	9658
2	9666
2	9677
2	9686
2	9687
2	9691
2	9693
2	9767
2	9772
2	9783
2	9793
2	9795
2	9803
2	9808
2	9824
2	9837
2	9845
2	9848
2	9877
2	9888
2	9895
2	9899
2	9910
2	9923
2	9925
2	9926
2	9934
2	9939
2	9958
2	9974
2	9991
2	10043
2	10044
2	10055
2	10068
2	10086
2	10106
2	10118
2	10123
2	10149
2	10154
2	10192
2	10203
2	10205
2	10207
2	10211
2	10230
2	10233
2	10239
2	10274
2	10278
2	10279
2	10283
2	10285
2	10286
2	10287
2	10288
2	10317
2	10324
2	10363
2	10373
2	10391
2	10392
2	10420
2	10435
2	10444
2	10457
2	10497
2	10509
2	10514
2	10525
2	10534
2	10537
2	10553
2	10560
2	10572
2	10576
2	10583
2	10603
2	10616
2	10662
2	10685
2	10689
2	10692
2	10707
2	10718
2	10720
2	10772
2	10775
2	10803
2	10835
2	10843
2	10844
2	10870
2	10880
2	10881
2	10882
2	10910
2	10923
2	10931
2	10946
2	10966
2	10975
2	10976
2	10989
2	11011
2	11016
2	11056
2	11096
2	11107
2	11157
2	11164
2	11179
2	11198
2	11199
2	11209
2	11230
2	11231
2	11234
2	11238
2	11239
2	11243
2	11249
2	11255
2	11305
2	11330
2	11338
2	11355
2	11356
2	11364
2	11368
2	11388
2	11417
2	11435
2	11437
2	11438
2	11440
2	11456
2	11462
2	11470
2	11472
2	11488
2	11498
2	11513
2	11518
2	11565
2	11568
2	11572
2	11606
2	11630
2	11633
2	11638
2	11652
2	11654
2	11655
2	11661
2	11662
2	11679
2	11682
2	11696
2	11699
2	11706
2	11775
2	11797
2	11818
2	11819
2	11831
2	11859
2	11869
2	11898
2	11914
2	11936
2	11969
2	11972
2	11976
2	11978
2	11980
2	12011
2	12022
2	12028
2	12067
2	12079
2	12082
2	12095
2	12121
2	12122
2	12141
2	12142
2	12168
2	12171
2	12174
2	12222
2	12224
2	12233
2	12234
2	12237
2	12263
2	12268
2	12283
2	12285
2	12294
2	12300
2	12315
2	12326
2	12340
2	12344
2	12345
2	12346
2	12407
2	12419
2	12421
2	12424
2	12427
2	12440
2	12444
2	12453
2	12456
2	12478
2	12482
2	12485
2	12488
2	12491
2	12498
2	12499
2	12520
2	12533
2	12537
2	12541
2	12563
2	12564
2	12568
2	12584
2	12585
2	12611
2	12614
2	12617
2	12628
2	12633
2	12636
2	12643
2	12644
2	12660
2	12662
2	12667
2	12690
2	12698
2	12704
2	12706
2	12710
2	12711
2	12720
2	12726
2	12734
2	12736
2	12746
2	12749
2	12765
2	12784
2	12785
2	12786
2	12788
2	12797
2	12810
2	12813
2	12822
2	12855
2	12865
2	12879
2	12886
2	12895
2	12901
2	12906
2	12929
2	12930
2	12937
2	12941
2	12943
2	12992
2	13006
2	13009
2	13019
2	13020
2	13021
2	13027
2	13031
2	13041
2	13054
2	13065
2	13066
2	13067
3	35
3	275
3	374
3	510
3	571
3	580
3	615
3	654
3	676
3	683
3	690
3	719
3	729
3	763
3	829
3	850
3	853
3	875
3	878
3	885
3	916
3	947
3	992
3	1013
3	1027
3	1060
3	1138
3	1148
3	1172
3	1310
3	1320
3	1363
3	1390
3	1409
3	1440
3	1444
3	1463
3	1518
3	1528
3	1549
3	1564
3	1573
3	1614
3	1760
3	1765
3	1893
3	1997
3	2313
3	2347
3	2443
3	2582
3	2778
3	3027
3	3045
3	3105
3	3118
3	3123
3	3137
3	3138
3	3165
3	3171
3	3182
3	3203
3	3211
3	3218
3	3233
3	3248
3	3252
3	3282
3	3288
3	3290
3	3294
3	3303
3	3304
3	3308
3	3324
3	3329
3	3330
3	3336
3	3346
3	3355
3	3397
3	3406
3	3417
3	3424
3	3427
3	3428
3	3430
3	3467
3	3507
3	3508
3	3528
3	3531
3	3535
3	3539
3	3540
3	3547
3	3551
3	3553
3	3554
3	3559
3	3560
3	3573
3	3578
3	3583
3	3589
3	3590
3	3598
3	3601
3	3602
3	3623
3	3639
3	3645
3	3652
3	3670
3	3681
3	3690
3	3698
3	3720
3	3728
3	3748
3	3754
3	3759
3	3760
3	3770
3	3778
3	3784
3	3786
3	3791
3	3802
3	3803
3	3806
3	3808
3	3816
3	3820
3	3825
3	3838
3	3844
3	3845
3	3846
3	3847
3	3849
3	3876
3	3880
3	3882
3	3886
3	3897
3	3898
3	3907
3	3932
3	3941
3	3942
3	3943
3	3960
3	3962
3	3974
3	3977
3	3991
3	3994
3	4008
3	4015
3	4026
3	4030
3	4042
3	4043
3	4054
3	4066
3	4071
3	4105
3	4106
3	4124
3	4131
3	4135
3	4155
3	4157
3	4158
3	4186
3	4191
3	4192
3	4199
3	4206
3	4221
3	4228
3	4229
3	4232
3	4238
3	4246
3	4255
3	4265
3	4270
3	4276
3	4293
3	4300
3	4302
3	4304
3	4309
3	4316
3	4319
3	4321
3	4325
3	4359
3	4363
3	4364
3	4366
3	4370
3	4376
3	4378
3	4379
3	4393
3	4394
3	4399
3	4401
3	4404
3	4420
3	4424
3	4432
3	4433
3	4434
3	4437
3	4444
3	4445
3	4450
3	4455
3	4461
3	4480
3	4481
3	4482
3	4505
3	4519
3	4529
3	4532
3	4534
3	4540
3	4541
3	4543
3	4551
3	4552
3	4559
3	4561
3	4567
3	4576
3	4582
3	4585
3	4595
3	4597
3	4606
3	4607
3	4635
3	4636
3	4637
3	4645
3	4663
3	4675
3	4687
3	4692
3	4703
3	4704
3	4708
3	4714
3	4719
3	4720
3	4721
3	4725
3	4730
3	4731
3	4739
3	4741
3	4747
3	4755
3	4781
3	4782
3	4783
3	4788
3	4791
3	4801
3	4816
3	4836
3	4838
3	4846
3	4847
3	4848
3	4862
3	4885
3	4892
3	4899
3	4901
3	4913
3	4930
3	4937
3	4945
3	4958
3	4973
3	4976
3	4989
3	5003
3	5010
3	5027
3	5033
3	5039
3	5077
3	5086
3	5090
3	5101
3	5120
3	5127
3	5138
3	5145
3	5146
3	5166
3	5167
3	5175
3	5176
3	5185
3	5186
3	5191
3	5219
3	5221
3	5229
3	5230
3	5235
3	5241
3	5249
3	5253
3	5269
3	5275
3	5277
3	5307
3	5322
3	5345
3	5374
3	5376
3	5381
3	5394
3	5408
3	5417
3	5419
3	5457
3	5458
3	5489
3	5498
3	5501
3	5502
3	5506
3	5511
3	5525
3	5544
3	5582
3	5584
3	5596
3	5603
3	5607
3	5610
3	5611
3	5617
3	5620
3	5622
3	5634
3	5660
3	5661
3	5689
3	5697
3	5713
3	5724
3	5741
3	5743
3	5746
3	5758
3	5762
3	5764
3	5769
3	5773
3	5792
3	5794
3	5799
3	5817
3	5822
3	5828
3	5832
3	5838
3	5839
3	5844
3	5866
3	5892
3	5898
3	5901
3	5909
3	5910
3	5911
3	5915
3	5952
3	5978
3	5982
3	5983
3	6005
3	6010
3	6021
3	6028
3	6059
3	6070
3	6075
3	6077
3	6080
3	6099
3	6105
3	6107
3	6125
3	6137
3	6150
3	6178
3	6181
3	6190
3	6213
3	6216
3	6231
3	6245
3	6251
3	6267
3	6268
3	6283
3	6285
3	6289
3	6294
3	6297
3	6300
3	6310
3	6311
3	6342
3	6352
3	6356
3	6364
3	6366
3	6376
3	6379
3	6391
3	6411
3	6412
3	6428
3	6430
3	6445
3	6473
3	6502
3	6505
3	6511
3	6513
3	6523
3	6535
3	6542
3	6549
3	6550
3	6554
3	6562
3	6565
3	6571
3	6579
3	6587
3	6594
3	6609
3	6616
3	6617
3	6627
3	6643
3	6665
3	6678
3	6711
3	6726
3	6729
3	6737
3	6743
3	6754
3	6764
3	6765
3	6770
3	6782
3	6783
3	6792
3	6794
3	6798
3	6801
3	6805
3	6815
3	6821
3	6826
3	6842
3	6849
3	6879
3	6884
3	6887
3	6888
3	6913
3	6914
3	6919
3	6928
3	6934
3	6952
3	6965
3	6967
3	6987
3	6992
3	6994
3	6999
3	7030
3	7032
3	7039
3	7043
3	7053
3	7056
3	7059
3	7060
3	7072
3	7078
3	7092
3	7103
3	7112
3	7113
3	7124
3	7148
3	7159
3	7171
3	7214
3	7231
3	7249
3	7254
3	7255
3	7258
3	7272
3	7285
3	7290
3	7297
3	7300
3	7317
3	7319
3	7343
3	7351
3	7361
3	7363
3	7366
3	7370
3	7377
3	7390
3	7405
3	7407
3	7426
3	7427
3	7449
3	7452
3	7457
3	7461
3	7462
3	7466
3	7471
3	7480
3	7512
3	7515
3	7517
3	7559
3	7570
3	7576
3	7579
3	7591
3	7597
3	7607
3	7611
3	7618
3	7624
3	7631
3	7638
3	7642
3	7643
3	7655
3	7661
3	7666
3	7679
3	7683
3	7698
3	7711
3	7719
3	7726
3	7728
3	7730
3	7731
3	7751
3	7763
3	7766
3	7769
3	7786
3	7789
3	7795
3	7811
3	7813
3	7831
3	7835
3	7842
3	7895
3	7907
3	7915
3	7917
3	7920
3	7934
3	7941
3	7942
3	7968
3	7972
3	7976
3	7990
3	8006
3	8016
3	8026
3	8032
3	8033
3	8042
3	8051
3	8069
3	8090
3	8113
3	8121
3	8122
3	8140
3	8145
3	8147
3	8191
3	8192
3	8214
3	8216
3	8220
3	8243
3	8247
3	8248
3	8257
3	8259
3	8261
3	8297
3	8300
3	8302
3	8306
3	8308
3	8344
3	8351
3	8353
3	8368
3	8375
3	8381
3	8386
3	8390
3	8396
3	8401
3	8406
3	8417
3	8423
3	8435
3	8462
3	8471
3	8473
3	8475
3	8514
3	8532
3	8533
3	8536
3	8540
3	8555
3	8562
3	8581
3	8590
3	8592
3	8608
3	8625
3	8632
3	8637
3	8643
3	8655
3	8691
3	8692
3	8697
3	8700
3	8702
3	8716
3	8729
3	8738
3	8744
3	8746
3	8791
3	8801
3	8819
3	8820
3	8821
3	8824
3	8852
3	8857
3	8860
3	8865
3	8885
3	8886
3	8908
3	8915
3	8939
3	8946
3	8953
3	8969
3	8974
3	8985
3	8988
3	8990
3	8992
3	8993
3	9018
3	9022
3	9028
3	9043
3	9049
3	9057
3	9064
3	9072
3	9074
3	9084
3	9091
3	9093
3	9104
3	9105
3	9106
3	9108
3	9124
3	9131
3	9144
3	9160
3	9161
3	9168
3	9169
3	9177
3	9181
3	9184
3	9189
3	9215
3	9220
3	9231
3	9236
3	9240
3	9241
3	9242
3	9243
3	9246
3	9247
3	9269
3	9289
3	9291
3	9293
3	9318
3	9340
3	9341
3	9347
3	9354
3	9355
3	9357
3	9370
3	9422
3	9430
3	9431
3	9453
3	9464
3	9482
3	9493
3	9501
3	9508
3	9510
3	9514
3	9517
3	9519
3	9521
3	9522
3	9533
3	9548
3	9552
3	9554
3	9558
3	9568
3	9580
3	9608
3	9609
3	9617
3	9622
3	9628
3	9646
3	9652
3	9668
3	9674
3	9681
3	9682
3	9689
3	9699
3	9707
3	9737
3	9747
3	9752
3	9771
3	9773
3	9780
3	9784
3	9786
3	9789
3	9790
3	9791
3	9807
3	9815
3	9827
3	9830
3	9834
3	9843
3	9858
3	9876
3	9878
3	9879
3	9880
3	9885
3	9890
3	9897
3	9909
3	9914
3	9915
3	9927
3	9938
3	9952
3	9954
3	9965
3	9971
3	9972
3	9977
3	9981
3	10025
3	10040
3	10058
3	10062
3	10091
3	10102
3	10127
3	10152
3	10163
3	10165
3	10169
3	10179
3	10191
3	10199
3	10206
3	10217
3	10234
3	10253
3	10258
3	10266
3	10284
3	10294
3	10323
3	10325
3	10329
3	10330
3	10332
3	10338
3	10342
3	10345
3	10349
3	10356
3	10357
3	10401
3	10410
3	10433
3	10439
3	10440
3	10441
3	10443
3	10470
3	10476
3	10478
3	10480
3	10495
3	10501
3	10502
3	10503
3	10504
3	10505
3	10515
3	10532
3	10536
3	10538
3	10544
3	10547
3	10555
3	10559
3	10565
3	10587
3	10592
3	10594
3	10595
3	10596
3	10599
3	10604
3	10638
3	10655
3	10665
3	10676
3	10677
3	10690
3	10696
3	10697
3	10703
3	10733
3	10749
3	10751
3	10755
3	10758
3	10770
3	10782
3	10787
3	10802
3	10806
3	10831
3	10838
3	10864
3	10875
3	10877
3	10883
3	10884
3	10914
3	10919
3	10921
3	10926
3	10927
3	10928
3	10954
3	10968
3	10971
3	10972
3	10973
3	11001
3	11015
3	11026
3	11046
3	11048
3	11051
3	11052
3	11065
3	11070
3	11072
3	11075
3	11087
3	11092
3	11111
3	11124
3	11125
3	11130
3	11136
3	11137
3	11138
3	11159
3	11160
3	11168
3	11171
3	11173
3	11175
3	11177
3	11193
3	11203
3	11213
3	11219
3	11222
3	11226
3	11253
3	11258
3	11270
3	11272
3	11307
3	11311
3	11329
3	11336
3	11343
3	11346
3	11352
3	11354
3	11360
3	11365
3	11408
3	11415
3	11458
3	11459
3	11461
3	11475
3	11508
3	11522
3	11525
3	11534
3	11542
3	11546
3	11547
3	11558
3	11584
3	11596
3	11604
3	11615
3	11628
3	11629
3	11635
3	11650
3	11651
3	11668
3	11674
3	11676
3	11677
3	11683
3	11684
3	11698
3	11702
3	11730
3	11743
3	11759
3	11767
3	11771
3	11788
3	11790
3	11806
3	11826
3	11836
3	11855
3	11867
3	11870
3	11876
3	11888
3	11890
3	11891
3	11893
3	11910
3	11916
3	11917
3	11928
3	11932
3	11934
3	11939
3	11948
3	11949
3	11979
3	11989
3	11992
3	11993
3	12007
3	12010
3	12012
3	12014
3	12029
3	12046
3	12064
3	12071
3	12073
3	12074
3	12075
3	12076
3	12113
3	12147
3	12148
3	12149
3	12150
3	12154
3	12161
3	12162
3	12164
3	12170
3	12199
3	12200
3	12201
3	12203
3	12216
3	12230
3	12231
3	12232
3	12249
3	12252
3	12259
3	12260
3	12264
3	12267
3	12269
3	12270
3	12301
3	12303
3	12318
3	12319
3	12324
3	12328
3	12329
3	12353
3	12371
3	12381
3	12396
3	12434
3	12437
3	12439
3	12461
3	12621
3	12626
3	12661
3	12712
3	12716
3	12727
3	12735
3	12748
3	12750
3	12803
3	12838
3	12850
3	12878
3	12916
3	12935
3	13026
3	13071
4	54
4	121
4	385
4	684
4	789
4	951
4	1432
4	1535
4	2066
4	2152
4	2180
4	2205
4	2238
4	2273
4	2275
4	2280
4	2342
4	2344
4	2345
4	2349
4	2354
4	2364
4	2378
4	2391
4	2407
4	2418
4	2452
4	2466
4	2469
4	3047
4	3095
4	3109
4	3114
4	3116
4	3155
4	3184
4	3193
4	3195
4	3198
4	3214
4	3223
4	3267
4	3284
4	3296
4	3335
4	3392
4	3420
4	3443
4	3444
4	3474
4	3483
4	3489
4	3505
4	3526
4	3534
4	3537
4	3580
4	3594
4	3626
4	3648
4	3684
4	3705
4	3706
4	3718
4	3782
4	3800
4	3828
4	3839
4	3853
4	3884
4	3937
4	3978
4	4159
4	4196
4	4213
4	4249
4	4258
4	4332
4	4333
4	4344
4	4365
4	4368
4	4417
4	4423
4	4439
4	4447
4	4488
4	4491
4	4573
4	4584
4	4641
4	4642
4	4681
4	4691
4	4697
4	4699
4	4743
4	4745
4	4803
4	4830
4	4835
4	4839
4	4865
4	4921
4	4939
4	4944
4	4948
4	4951
4	5001
4	5014
4	5036
4	5053
4	5097
4	5100
4	5107
4	5148
4	5178
4	5274
4	5292
4	5321
4	5335
4	5343
4	5373
4	5397
4	5403
4	5405
4	5409
4	5415
4	5434
4	5459
4	5468
4	5483
4	5497
4	5499
4	5539
4	5555
4	5556
4	5588
4	5606
4	5650
4	5655
4	5688
4	5699
4	5712
4	5714
4	5731
4	5754
4	5759
4	5776
4	5782
4	5783
4	5793
4	5797
4	5858
4	5859
4	5900
4	5906
4	5908
4	5913
4	5939
4	5997
4	6000
4	6062
4	6063
4	6064
4	6065
4	6090
4	6126
4	6158
4	6162
4	6172
4	6173
4	6182
4	6184
4	6187
4	6236
4	6237
4	6274
4	6296
4	6341
4	6343
4	6388
4	6417
4	6425
4	6465
4	6474
4	6475
4	6480
4	6519
4	6530
4	6538
4	6560
4	6568
4	6576
4	6589
4	6600
4	6621
4	6622
4	6628
4	6631
4	6651
4	6676
4	6681
4	6686
4	6786
4	6787
4	6795
4	6817
4	6848
4	6868
4	6931
4	6955
4	6961
4	7018
4	7019
4	7020
4	7057
4	7063
4	7085
4	7102
4	7130
4	7143
4	7164
4	7183
4	7192
4	7226
4	7235
4	7263
4	7274
4	7277
4	7357
4	7378
4	7379
4	7400
4	7423
4	7445
4	7450
4	7467
4	7488
4	7520
4	7534
4	7564
4	7633
4	7636
4	7695
4	7699
4	7749
4	7776
4	7797
4	7869
4	7871
4	7889
4	7891
4	7931
4	8075
4	8088
4	8129
4	8156
4	8170
4	8184
4	8241
4	8299
4	8324
4	8325
4	8383
4	8384
4	8392
4	8424
4	8428
4	8447
4	8469
4	8511
4	8513
4	8519
4	8541
4	8553
4	8587
4	8671
4	8720
4	8782
4	8789
4	8880
4	8882
4	8891
4	8906
4	8916
4	8920
4	8961
4	8977
4	8981
4	9007
4	9017
4	9042
4	9055
4	9067
4	9119
4	9149
4	9165
4	9171
4	9175
4	9185
4	9194
4	9213
4	9254
4	9281
4	9290
4	9295
4	9299
4	9339
4	9365
4	9390
4	9406
4	9441
4	9445
4	9448
4	9449
4	9452
4	9534
4	9537
4	9572
4	9591
4	9600
4	9634
4	9644
4	9675
4	9678
4	9700
4	9731
4	9736
4	9806
4	9846
4	9859
4	9896
4	9918
4	9919
4	9922
4	9924
4	9944
4	9992
4	10004
4	10026
4	10056
4	10066
4	10076
4	10078
4	10090
4	10188
4	10190
4	10220
4	10223
4	10237
4	10238
4	10252
4	10269
4	10272
4	10273
4	10296
4	10327
4	10340
4	10369
4	10387
4	10404
4	10448
4	10506
4	10530
4	10554
4	10578
4	10582
4	10631
4	10633
4	10645
4	10713
4	10736
4	10740
4	10756
4	10767
4	10786
4	10828
4	10839
4	10872
4	10912
4	10920
4	10992
4	10993
4	10994
4	11024
4	11043
4	11045
4	11121
4	11132
4	11141
4	11145
4	11181
4	11241
4	11256
4	11269
4	11278
4	11297
4	11298
4	11301
4	11314
4	11316
4	11361
4	11393
4	11397
4	11400
4	11418
4	11446
4	11505
4	11517
4	11538
4	11564
4	11607
4	11663
4	11686
4	11709
4	11723
4	11724
4	11729
4	11744
4	11752
4	11768
4	11769
4	11794
4	11815
4	11845
4	11847
4	11873
4	11923
4	11942
4	11945
4	11996
4	12000
4	12001
4	12013
4	12033
4	12035
4	12078
4	12084
4	12098
4	12099
4	12112
4	12118
4	12156
4	12167
4	12169
4	12202
4	12214
4	12225
4	12243
4	12248
4	12255
4	12274
4	12281
4	12297
4	12327
4	12351
4	12382
4	12387
4	12399
4	12406
4	12410
4	12422
4	12443
4	12454
4	12623
4	12648
4	12650
4	12653
4	12656
4	12664
4	12666
4	12671
4	12675
4	12687
4	12693
4	12694
4	12696
4	12697
4	12700
4	12702
4	12713
4	12714
4	12715
4	12718
4	12719
4	12723
4	12728
4	12742
4	12747
4	12754
4	12758
4	12759
4	12770
4	12771
4	12775
4	12780
4	12781
4	12792
4	12794
4	12799
4	12811
4	12812
4	12814
4	12815
4	12837
4	12839
4	12840
4	12845
4	12849
4	12853
4	12863
4	12872
4	12880
4	12889
4	12890
4	12894
4	12898
4	12899
4	12908
4	12912
4	12915
4	12919
4	12921
4	12927
4	12939
4	12946
5	7
5	55
5	152
5	245
5	398
5	586
5	685
5	704
5	737
5	825
5	884
5	963
5	972
5	982
5	1003
5	1023
5	1050
5	1080
5	1119
5	1164
5	1181
5	1209
5	1258
5	1263
5	1349
5	1416
5	1434
5	1503
5	1510
5	1539
5	1620
5	1627
5	1640
5	1720
5	1731
5	1889
5	1896
5	2059
5	2062
5	2063
5	2067
5	2070
5	2073
5	2074
5	2077
5	2079
5	2101
5	2102
5	2112
5	2114
5	2126
5	2128
5	2129
5	2143
5	2207
5	2371
5	2750
5	2929
5	2964
5	3024
5	3037
5	3042
5	3046
5	3049
5	3056
5	3059
5	3066
5	3067
5	3074
5	3075
5	3080
5	3082
5	3089
5	3090
5	3094
5	3098
5	3100
5	3108
5	3111
5	3113
5	3121
5	3122
5	3125
5	3126
5	3133
5	3134
5	3152
5	3154
5	3162
5	3170
5	3175
5	3176
5	3177
5	3234
5	3243
5	3249
5	3250
5	3254
5	3273
5	3278
5	3281
5	3285
5	3286
5	3305
5	3306
5	3307
5	3309
5	3311
5	3315
5	3316
5	3325
5	3327
5	3338
5	3342
5	3351
5	3357
5	3361
5	3402
5	3408
5	3422
5	3453
5	3455
5	3468
5	3476
5	3486
5	3487
5	3488
5	3498
5	3499
5	3500
5	3504
5	3506
5	3512
5	3513
5	3514
5	3515
5	3545
5	3548
5	3556
5	3561
5	3563
5	3564
5	3565
5	3567
5	3571
5	3576
5	3587
5	3592
5	3603
5	3605
5	3606
5	3613
5	3617
5	3618
5	3631
5	3643
5	3650
5	3662
5	3663
5	3695
5	3699
5	3708
5	3711
5	3712
5	3725
5	3729
5	3736
5	3738
5	3739
5	3742
5	3743
5	3751
5	3768
5	3796
5	3797
5	3801
5	3809
5	3810
5	3813
5	3817
5	3822
5	3823
5	3832
5	3854
5	3856
5	3866
5	3867
5	3868
5	3870
5	3885
5	3888
5	3893
5	3899
5	3901
5	3908
5	3910
5	3946
5	3950
5	3953
5	3961
5	3963
5	3967
5	3980
5	3983
5	3984
5	3986
5	4005
5	4006
5	4017
5	4027
5	4031
5	4048
5	4049
5	4070
5	4074
5	4075
5	4083
5	4084
5	4085
5	4102
5	4109
5	4110
5	4115
5	4120
5	4125
5	4127
5	4138
5	4142
5	4148
5	4160
5	4170
5	4172
5	4193
5	4194
5	4197
5	4210
5	4219
5	4220
5	4226
5	4234
5	4273
5	4283
5	4294
5	4317
5	4320
5	4324
5	4327
5	4339
5	4345
5	4349
5	4351
5	4355
5	4356
5	4358
5	4377
5	4427
5	4430
5	4435
5	4440
5	4441
5	4454
5	4462
5	4466
5	4469
5	4472
5	4523
5	4527
5	4528
5	4538
5	4542
5	4550
5	4574
5	4598
5	4609
5	4615
5	4638
5	4646
5	4649
5	4654
5	4664
5	4668
5	4670
5	4672
5	4678
5	4679
5	4683
5	4688
5	4694
5	4695
5	4696
5	4698
5	4700
5	4709
5	4726
5	4727
5	4732
5	4746
5	4756
5	4757
5	4760
5	4761
5	4767
5	4768
5	4769
5	4771
5	4773
5	4774
5	4787
5	4789
5	4792
5	4793
5	4794
5	4798
5	4804
5	4811
5	4812
5	4814
5	4827
5	4853
5	4855
5	4856
5	4858
5	4863
5	4867
5	4882
5	4886
5	4888
5	4890
5	4893
5	4911
5	4923
5	4924
5	4943
5	4947
5	4954
5	4957
5	4963
5	4967
5	4979
5	4982
5	4987
5	4993
5	4995
5	5005
5	5006
5	5008
5	5011
5	5015
5	5035
5	5052
5	5067
5	5068
5	5079
5	5082
5	5088
5	5096
5	5099
5	5102
5	5109
5	5110
5	5114
5	5121
5	5128
5	5131
5	5135
5	5136
5	5149
5	5157
5	5159
5	5171
5	5177
5	5179
5	5184
5	5205
5	5220
5	5222
5	5223
5	5226
5	5243
5	5248
5	5263
5	5264
5	5273
5	5276
5	5286
5	5291
5	5298
5	5300
5	5303
5	5326
5	5329
5	5330
5	5348
5	5357
5	5380
5	5383
5	5386
5	5395
5	5402
5	5407
5	5410
5	5424
5	5426
5	5427
5	5428
5	5440
5	5441
5	5443
5	5444
5	5447
5	5456
5	5482
5	5493
5	5496
5	5500
5	5503
5	5508
5	5530
5	5532
5	5534
5	5535
5	5537
5	5558
5	5577
5	5586
5	5589
5	5593
5	5601
5	5604
5	5605
5	5613
5	5637
5	5638
5	5641
5	5647
5	5649
5	5658
5	5662
5	5675
5	5679
5	5682
5	5708
5	5709
5	5715
5	5728
5	5730
5	5735
5	5744
5	5774
5	5778
5	5779
5	5788
5	5823
5	5830
5	5834
5	5843
5	5846
5	5847
5	5855
5	5857
5	5860
5	5863
5	5864
5	5881
5	5883
5	5885
5	5886
5	5890
5	5891
5	5919
5	5920
5	5921
5	5922
5	5923
5	5924
5	5926
5	5927
5	5933
5	5938
5	5950
5	5962
5	5963
5	5969
5	5972
5	5973
5	5990
5	6002
5	6014
5	6016
5	6054
5	6071
5	6074
5	6081
5	6104
5	6110
5	6112
5	6121
5	6143
5	6145
5	6149
5	6151
5	6157
5	6159
5	6160
5	6168
5	6169
5	6170
5	6171
5	6176
5	6177
5	6179
5	6180
5	6199
5	6202
5	6205
5	6206
5	6215
5	6220
5	6228
5	6244
5	6256
5	6266
5	6269
5	6278
5	6290
5	6291
5	6306
5	6340
5	6344
5	6361
5	6380
5	6387
5	6395
5	6401
5	6402
5	6406
5	6450
5	6452
5	6464
5	6466
5	6468
5	6472
5	6477
5	6485
5	6499
5	6500
5	6501
5	6504
5	6506
5	6516
5	6522
5	6524
5	6534
5	6545
5	6563
5	6564
5	6569
5	6581
5	6583
5	6590
5	6598
5	6599
5	6602
5	6624
5	6639
5	6653
5	6663
5	6664
5	6666
5	6677
5	6691
5	6694
5	6695
5	6698
5	6720
5	6732
5	6746
5	6747
5	6778
5	6779
5	6796
5	6802
5	6812
5	6813
5	6820
5	6824
5	6825
5	6827
5	6828
5	6832
5	6834
5	6844
5	6845
5	6852
5	6857
5	6858
5	6869
5	6875
5	6892
5	6901
5	6903
5	6904
5	6906
5	6915
5	6917
5	6923
5	6927
5	6937
5	6941
5	6960
5	6963
5	6969
5	6970
5	6982
5	6993
5	6996
5	6997
5	7000
5	7001
5	7027
5	7033
5	7061
5	7084
5	7111
5	7126
5	7129
5	7132
5	7142
5	7149
5	7168
5	7172
5	7181
5	7190
5	7191
5	7200
5	7204
5	7206
5	7208
5	7211
5	7216
5	7223
5	7224
5	7229
5	7232
5	7243
5	7245
5	7265
5	7279
5	7294
5	7295
5	7298
5	7310
5	7314
5	7321
5	7324
5	7325
5	7329
5	7340
5	7345
5	7348
5	7350
5	7356
5	7360
5	7364
5	7374
5	7381
5	7386
5	7410
5	7421
5	7434
5	7435
5	7436
5	7437
5	7439
5	7442
5	7444
5	7446
5	7447
5	7455
5	7468
5	7474
5	7475
5	7477
5	7478
5	7479
5	7486
5	7492
5	7497
5	7506
5	7516
5	7519
5	7527
5	7537
5	7539
5	7545
5	7551
5	7554
5	7555
5	7569
5	7584
5	7590
5	7595
5	7604
5	7612
5	7634
5	7639
5	7644
5	7658
5	7660
5	7662
5	7663
5	7665
5	7667
5	7681
5	7682
5	7694
5	7707
5	7709
5	7713
5	7714
5	7715
5	7743
5	7756
5	7761
5	7783
5	7788
5	7790
5	7799
5	7816
5	7824
5	7834
5	7838
5	7841
5	7853
5	7862
5	7872
5	7873
5	7874
5	7883
5	7888
5	7890
5	7894
5	7896
5	7897
5	7898
5	7933
5	7936
5	7945
5	7955
5	7964
5	7965
5	7969
5	7978
5	7983
5	7984
5	7985
5	7986
5	7992
5	7999
5	8003
5	8011
5	8018
5	8019
5	8021
5	8025
5	8034
5	8043
5	8049
5	8062
5	8064
5	8070
5	8072
5	8074
5	8078
5	8081
5	8107
5	8110
5	8137
5	8157
5	8159
5	8165
5	8166
5	8171
5	8176
5	8179
5	8187
5	8193
5	8202
5	8210
5	8228
5	8244
5	8268
5	8269
5	8274
5	8278
5	8279
5	8280
5	8282
5	8287
5	8290
5	8332
5	8339
5	8347
5	8349
5	8361
5	8379
5	8389
5	8395
5	8399
5	8431
5	8444
5	8445
5	8448
5	8455
5	8456
5	8457
5	8459
5	8460
5	8485
5	8492
5	8495
5	8505
5	8518
5	8528
5	8548
5	8561
5	8566
5	8591
5	8596
5	8599
5	8601
5	8605
5	8621
5	8629
5	8630
5	8634
5	8658
5	8659
5	8660
5	8662
5	8663
5	8665
5	8676
5	8677
5	8680
5	8686
5	8690
5	8693
5	8701
5	8703
5	8707
5	8712
5	8714
5	8718
5	8719
5	8728
5	8736
5	8750
5	8751
5	8752
5	8755
5	8766
5	8767
5	8770
5	8773
5	8777
5	8778
5	8796
5	8814
5	8815
5	8830
5	8833
5	8837
5	8838
5	8840
5	8843
5	8845
5	8847
5	8851
5	8853
5	8864
5	8868
5	8872
5	8881
5	8883
5	8884
5	8887
5	8890
5	8900
5	8903
5	8905
5	8919
5	8921
5	8927
5	8937
5	8938
5	8940
5	8950
5	8962
5	8965
5	8980
5	8994
5	8995
5	8998
5	8999
5	9000
5	9004
5	9006
5	9014
5	9021
5	9023
5	9024
5	9041
5	9046
5	9065
5	9068
5	9076
5	9077
5	9079
5	9080
5	9081
5	9085
5	9086
5	9103
5	9116
5	9129
5	9133
5	9143
5	9145
5	9151
5	9152
5	9159
5	9173
5	9195
5	9196
5	9197
5	9202
5	9207
5	9212
5	9219
5	9224
5	9230
5	9232
5	9233
5	9234
5	9239
5	9250
5	9257
5	9267
5	9279
5	9285
5	9294
5	9312
5	9313
5	9314
5	9315
5	9317
5	9331
5	9332
5	9342
5	9345
5	9349
5	9361
5	9362
5	9374
5	9375
5	9376
5	9377
5	9378
5	9379
5	9380
5	9383
5	9384
5	9386
5	9398
5	9409
5	9412
5	9413
5	9415
5	9416
5	9420
5	9427
5	9438
5	9439
5	9440
5	9442
5	9447
5	9454
5	9461
5	9491
5	9492
5	9499
5	9504
5	9527
5	9543
5	9547
5	9549
5	9565
5	9566
5	9570
5	9571
5	9574
5	9575
5	9576
5	9577
5	9594
5	9595
5	9597
5	9598
5	9599
5	9602
5	9603
5	9605
5	9606
5	9610
5	9615
5	9616
5	9619
5	9621
5	9623
5	9647
5	9659
5	9660
5	9664
5	9667
5	9669
5	9671
5	9672
5	9673
5	9684
5	9690
5	9694
5	9698
5	9701
5	9704
5	9712
5	9714
5	9730
5	9750
5	9751
5	9754
5	9756
5	9758
5	9776
5	9785
5	9787
5	9788
5	9801
5	9802
5	9813
5	9817
5	9829
5	9840
5	9844
5	9852
5	9853
5	9856
5	9862
5	9898
5	9901
5	9902
5	9908
5	9916
5	9917
5	9920
5	9928
5	9929
5	9931
5	9946
5	9947
5	9953
5	9956
5	9976
5	9982
5	9987
5	9989
5	9990
5	9998
5	10001
5	10005
5	10013
5	10017
5	10018
5	10019
5	10020
5	10021
5	10032
5	10039
5	10041
5	10067
5	10072
5	10073
5	10074
5	10075
5	10077
5	10079
5	10098
5	10099
5	10108
5	10111
5	10130
5	10141
5	10151
5	10171
5	10174
5	10176
5	10178
5	10197
5	10210
5	10216
5	10218
5	10219
5	10228
5	10235
5	10236
5	10242
5	10247
5	10257
5	10259
5	10263
5	10264
5	10270
5	10280
5	10292
5	10307
5	10310
5	10322
5	10334
5	10336
5	10343
5	10350
5	10352
5	10362
5	10367
5	10371
5	10377
5	10378
5	10385
5	10390
5	10393
5	10395
5	10397
5	10406
5	10407
5	10414
5	10415
5	10416
5	10427
5	10436
5	10460
5	10461
5	10464
5	10467
5	10468
5	10479
5	10485
5	10486
5	10487
5	10489
5	10491
5	10513
5	10517
5	10518
5	10520
5	10521
5	10531
5	10545
5	10556
5	10561
5	10562
5	10563
5	10567
5	10570
5	10571
5	10574
5	10585
5	10591
5	10593
5	10598
5	10600
5	10602
5	10605
5	10606
5	10607
5	10608
5	10609
5	10610
5	10613
5	10614
5	10617
5	10623
5	10636
5	10646
5	10648
5	10658
5	10661
5	10663
5	10664
5	10670
5	10671
5	10672
5	10674
5	10682
5	10694
5	10704
5	10717
5	10719
5	10722
5	10723
5	10735
5	10750
5	10757
5	10761
5	10762
5	10793
5	10796
5	10797
5	10800
5	10809
5	10814
5	10816
5	10820
5	10822
5	10823
5	10825
5	10829
5	10842
5	10849
5	10853
5	10861
5	10887
5	10893
5	10897
5	10900
5	10901
5	10902
5	10905
5	10906
5	10907
5	10908
5	10909
5	10911
5	10918
5	10929
5	10930
5	10933
5	10938
5	10945
5	10947
5	10948
5	10949
5	10957
5	10958
5	10969
5	10977
5	10979
5	10998
5	10999
5	11007
5	11018
5	11019
5	11025
5	11031
5	11032
5	11042
5	11047
5	11064
5	11071
5	11079
5	11080
5	11083
5	11088
5	11089
5	11097
5	11099
5	11115
5	11120
5	11123
5	11126
5	11139
5	11144
5	11148
5	11149
5	11154
5	11162
5	11170
5	11183
5	11204
5	11211
5	11245
5	11246
5	11260
5	11262
5	11277
5	11286
5	11287
5	11291
5	11293
5	11295
5	11300
5	11312
5	11313
5	11315
5	11319
5	11333
5	11337
5	11344
5	11347
5	11348
5	11349
5	11353
5	11369
5	11375
5	11380
5	11381
5	11384
5	11385
5	11389
5	11390
5	11398
5	11406
5	11420
5	11423
5	11424
5	11425
5	11430
5	11436
5	11441
5	11443
5	11447
5	11450
5	11464
5	11466
5	11467
5	11471
5	11478
5	11485
5	11507
5	11523
5	11526
5	11530
5	11551
5	11555
5	11573
5	11575
5	11576
5	11586
5	11602
5	11614
5	11627
5	11631
5	11639
5	11645
5	11647
5	11653
5	11657
5	11665
5	11712
5	11714
5	11718
5	11719
5	11733
5	11737
5	11738
5	11739
5	11741
5	11748
5	11760
5	11762
5	11764
5	11765
5	11776
5	11783
5	11786
5	11798
5	11805
5	11808
5	11809
5	11810
5	11817
5	11821
5	11822
5	11833
5	11834
5	11837
5	11856
5	11861
5	11872
5	11875
5	11880
5	11881
5	11892
5	11894
5	11895
5	11908
5	11909
5	11913
5	11915
5	11920
5	11924
5	11929
5	11930
5	11931
5	11935
5	11944
5	11950
5	11956
5	11957
5	11961
5	11963
5	11966
5	11967
5	11970
5	11981
5	11985
5	11988
5	11995
5	12017
5	12018
5	12047
5	12051
5	12053
5	12056
5	12058
5	12061
5	12062
5	12090
5	12093
5	12094
5	12104
5	12108
5	12120
5	12127
5	12128
5	12143
5	12145
5	12152
5	12185
5	12187
5	12193
5	12197
5	12205
5	12212
5	12213
5	12217
5	12226
5	12271
5	12284
5	12286
5	12288
5	12292
5	12295
5	12298
5	12299
5	12311
5	12317
5	12320
5	12325
5	12362
5	12365
5	12376
5	12398
5	12400
5	12404
5	12405
5	12412
5	12415
5	12420
5	12425
5	12442
5	12480
5	12486
5	12819
5	12904
5	13080
6	0
6	2
6	5
6	6
6	17
6	18
6	21
6	24
6	25
6	28
6	34
6	37
6	39
6	40
6	42
6	43
6	45
6	47
6	48
6	49
6	50
6	52
6	53
6	57
6	59
6	60
6	61
6	63
6	64
6	66
6	69
6	70
6	74
6	76
6	82
6	83
6	84
6	85
6	91
6	92
6	95
6	96
6	97
6	99
6	101
6	102
6	104
6	105
6	107
6	108
6	109
6	111
6	112
6	113
6	114
6	117
6	123
6	127
6	132
6	134
6	135
6	137
6	142
6	146
6	148
6	149
6	150
6	151
6	154
6	156
6	162
6	163
6	165
6	166
6	167
6	169
6	171
6	172
6	176
6	179
6	182
6	183
6	185
6	187
6	188
6	190
6	191
6	193
6	194
6	195
6	196
6	197
6	200
6	201
6	202
6	204
6	206
6	208
6	211
6	212
6	213
6	218
6	221
6	224
6	225
6	228
6	230
6	233
6	234
6	236
6	241
6	243
6	244
6	247
6	249
6	250
6	251
6	259
6	260
6	289
6	300
6	301
6	302
6	305
6	310
6	317
6	318
6	325
6	331
6	332
6	334
6	348
6	351
6	352
6	356
6	358
6	371
6	399
6	407
6	410
6	422
6	441
6	452
6	454
6	459
6	474
6	485
6	491
6	492
6	498
6	516
6	520
6	534
6	545
6	557
6	561
6	567
6	574
6	575
6	576
6	581
6	582
6	585
6	587
6	590
6	592
6	594
6	597
6	598
6	600
6	614
6	616
6	617
6	618
6	619
6	621
6	625
6	631
6	632
6	636
6	638
6	641
6	643
6	644
6	646
6	647
6	653
6	657
6	658
6	659
6	661
6	662
6	663
6	666
6	667
6	669
6	670
6	672
6	673
6	674
6	678
6	680
6	686
6	687
6	689
6	691
6	695
6	697
6	699
6	700
6	703
6	705
6	707
6	713
6	714
6	716
6	720
6	726
6	733
6	736
6	738
6	739
6	740
6	741
6	742
6	743
6	744
6	745
6	750
6	752
6	754
6	756
6	758
6	759
6	760
6	761
6	762
6	765
6	768
6	769
6	776
6	778
6	781
6	782
6	786
6	787
6	795
6	798
6	805
6	807
6	809
6	813
6	823
6	824
6	826
6	827
6	830
6	831
6	835
6	836
6	837
6	839
6	847
6	848
6	852
6	857
6	859
6	861
6	864
6	866
6	871
6	872
6	873
6	874
6	876
6	877
6	882
6	883
6	887
6	888
6	893
6	894
6	896
6	899
6	902
6	912
6	913
6	915
6	920
6	921
6	926
6	929
6	932
6	934
6	935
6	937
6	939
6	944
6	946
6	949
6	952
6	958
6	964
6	967
6	969
6	970
6	971
6	973
6	974
6	977
6	983
6	986
6	988
6	990
6	991
6	993
6	995
6	996
6	997
6	998
6	1000
6	1008
6	1010
6	1012
6	1014
6	1015
6	1019
6	1026
6	1028
6	1032
6	1033
6	1034
6	1036
6	1038
6	1039
6	1045
6	1046
6	1047
6	1054
6	1059
6	1061
6	1062
6	1066
6	1067
6	1074
6	1077
6	1093
6	1097
6	1098
6	1103
6	1105
6	1108
6	1110
6	1111
6	1114
6	1116
6	1117
6	1120
6	1121
6	1122
6	1123
6	1124
6	1128
6	1129
6	1136
6	1140
6	1141
6	1142
6	1149
6	1150
6	1155
6	1160
6	1161
6	1162
6	1167
6	1174
6	1177
6	1178
6	1180
6	1182
6	1183
6	1185
6	1190
6	1191
6	1193
6	1194
6	1195
6	1197
6	1201
6	1202
6	1206
6	1211
6	1214
6	1215
6	1217
6	1223
6	1225
6	1226
6	1227
6	1232
6	1235
6	1237
6	1238
6	1240
6	1241
6	1245
6	1247
6	1248
6	1249
6	1250
6	1251
6	1254
6	1256
6	1261
6	1262
6	1265
6	1274
6	1275
6	1278
6	1279
6	1285
6	1289
6	1291
6	1294
6	1297
6	1298
6	1299
6	1302
6	1303
6	1305
6	1311
6	1315
6	1317
6	1319
6	1321
6	1322
6	1323
6	1324
6	1328
6	1331
6	1334
6	1338
6	1341
6	1342
6	1344
6	1347
6	1352
6	1354
6	1355
6	1356
6	1358
6	1361
6	1365
6	1367
6	1376
6	1380
6	1385
6	1391
6	1394
6	1395
6	1397
6	1404
6	1406
6	1407
6	1412
6	1413
6	1415
6	1418
6	1419
6	1421
6	1425
6	1427
6	1429
6	1438
6	1439
6	1441
6	1443
6	1447
6	1450
6	1453
6	1454
6	1459
6	1461
6	1462
6	1464
6	1471
6	1474
6	1475
6	1477
6	1478
6	1479
6	1484
6	1486
6	1487
6	1488
6	1490
6	1491
6	1493
6	1497
6	1499
6	1500
6	1501
6	1502
6	1504
6	1508
6	1511
6	1512
6	1519
6	1521
6	1526
6	1531
6	1532
6	1533
6	1541
6	1545
6	1547
6	1548
6	1557
6	1558
6	1559
6	1563
6	1565
6	1567
6	1569
6	1572
6	1574
6	1579
6	1580
6	1581
6	1582
6	1583
6	1585
6	1586
6	1591
6	1593
6	1594
6	1596
6	1597
6	1598
6	1604
6	1607
6	1610
6	1611
6	1617
6	1619
6	1621
6	1622
6	1623
6	1626
6	1628
6	1630
6	1631
6	1637
6	1638
6	1642
6	1643
6	1645
6	1646
6	1647
6	1649
6	1651
6	1657
6	1658
6	1659
6	1660
6	1661
6	1662
6	1663
6	1665
6	1671
6	1673
6	1674
6	1678
6	1679
6	1685
6	1686
6	1687
6	1689
6	1691
6	1692
6	1694
6	1696
6	1697
6	1699
6	1700
6	1703
6	1704
6	1706
6	1707
6	1710
6	1712
6	1715
6	1716
6	1721
6	1723
6	1724
6	1726
6	1729
6	1735
6	1742
6	1744
6	1748
6	1749
6	1752
6	1755
6	1758
6	1761
6	1762
6	1764
6	1766
6	1767
6	1768
6	1769
6	1771
6	1777
6	1778
6	1779
6	1782
6	1784
6	1786
6	1788
6	1791
6	1793
6	1797
6	1798
6	1799
6	1803
6	1804
6	1805
6	1806
6	1810
6	1812
6	1814
6	1815
6	1819
6	1821
6	1823
6	1825
6	1826
6	1827
6	1831
6	1833
6	1839
6	1840
6	1843
6	1844
6	1845
6	1846
6	1855
6	1857
6	1860
6	1863
6	1867
6	1869
6	1872
6	1876
6	1878
6	1879
6	1880
6	1882
6	1884
6	1886
6	1890
6	1891
6	1892
6	1894
6	1895
6	1899
6	1900
6	1903
6	1905
6	1906
6	1909
6	1911
6	1912
6	1913
6	1914
6	1917
6	1918
6	1921
6	1923
6	1924
6	1928
6	1929
6	1936
6	1938
6	1939
6	1941
6	1942
6	1943
6	1944
6	1946
6	1947
6	1949
6	1950
6	1951
6	1952
6	1953
6	1954
6	1956
6	1959
6	1962
6	1963
6	1964
6	1966
6	1967
6	1968
6	1970
6	1971
6	1972
6	1973
6	1975
6	1977
6	1978
6	1980
6	1983
6	1984
6	1985
6	1989
6	1990
6	1991
6	1992
6	1993
6	1994
6	1999
6	2001
6	2002
6	2004
6	2005
6	2007
6	2008
6	2010
6	2011
6	2016
6	2017
6	2020
6	2023
6	2024
6	2025
6	2028
6	2030
6	2031
6	2032
6	2033
6	2034
6	2035
6	2036
6	2037
6	2038
6	2039
6	2040
6	2042
6	2043
6	2045
6	2046
6	2049
6	2068
6	2076
6	2078
6	2088
6	2095
6	2100
6	2131
6	2132
6	2138
6	2142
6	2148
6	2159
6	2165
6	2166
6	2179
6	2181
6	2184
6	2190
6	2191
6	2194
6	2195
6	2203
6	2211
6	2217
6	2218
6	2219
6	2225
6	2232
6	2266
6	2271
6	2274
6	2278
6	2284
6	2286
6	2288
6	2292
6	2318
6	2322
6	2328
6	2336
6	2355
6	2363
6	2368
6	2372
6	2379
6	2384
6	2389
6	2396
6	2402
6	2408
6	2410
6	2412
6	2413
6	2427
6	2431
6	2436
6	2440
6	2445
6	2449
6	2450
6	2451
6	2459
6	2461
6	2464
6	2471
6	2472
6	2474
6	2477
6	2478
6	2479
6	2481
6	2482
6	2484
6	2485
6	2486
6	2487
6	2490
6	2492
6	2493
6	2494
6	2497
6	2498
6	2501
6	2502
6	2503
6	2507
6	2508
6	2510
6	2514
6	2515
6	2516
6	2518
6	2519
6	2528
6	2530
6	2532
6	2536
6	2537
6	2538
6	2540
6	2545
6	2546
6	2550
6	2551
6	2553
6	2555
6	2557
6	2558
6	2559
6	2561
6	2562
6	2563
6	2566
6	2567
6	2569
6	2571
6	2576
6	2579
6	2580
6	2584
6	2587
6	2590
6	2591
6	2593
6	2597
6	2598
6	2599
6	2602
6	2603
6	2604
6	2605
6	2607
6	2608
6	2609
6	2611
6	2613
6	2614
6	2615
6	2616
6	2617
6	2620
6	2621
6	2625
6	2626
6	2629
6	2632
6	2635
6	2638
6	2639
6	2640
6	2641
6	2644
6	2645
6	2647
6	2649
6	2651
6	2652
6	2657
6	2658
6	2661
6	2662
6	2666
6	2669
6	2673
6	2674
6	2675
6	2676
6	2678
6	2679
6	2680
6	2681
6	2683
6	2684
6	2685
6	2686
6	2687
6	2688
6	2689
6	2690
6	2691
6	2695
6	2696
6	2697
6	2698
6	2699
6	2700
6	2701
6	2702
6	2703
6	2704
6	2705
6	2708
6	2710
6	2711
6	2712
6	2714
6	2716
6	2717
6	2718
6	2719
6	2720
6	2721
6	2723
6	2724
6	2725
6	2726
6	2727
6	2728
6	2732
6	2734
6	2735
6	2736
6	2737
6	2740
6	2741
6	2742
6	2743
6	2745
6	2748
6	2751
6	2752
6	2753
6	2754
6	2755
6	2756
6	2757
6	2758
6	2759
6	2760
6	2762
6	2763
6	2764
6	2765
6	2769
6	2770
6	2771
6	2772
6	2773
6	2774
6	2776
6	2777
6	2780
6	2782
6	2783
6	2784
6	2785
6	2786
6	2787
6	2790
6	2791
6	2792
6	2793
6	2794
6	2795
6	2796
6	2797
6	2798
6	2801
6	2802
6	2803
6	2804
6	2805
6	2806
6	2809
6	2810
6	2811
6	2812
6	2813
6	2815
6	2816
6	2817
6	2818
6	2819
6	2820
6	2821
6	2822
6	2825
6	2826
6	2827
6	2829
6	2830
6	2831
6	2832
6	2833
6	2834
6	2837
6	2838
6	2839
6	2841
6	2842
6	2844
6	2845
6	2846
6	2847
6	2848
6	2849
6	2850
6	2851
6	2852
6	2853
6	2854
6	2855
6	2856
6	2857
6	2858
6	2859
6	2861
6	2862
6	2863
6	2866
6	2867
6	2869
6	2870
6	2872
6	2874
6	2875
6	2876
6	2877
6	2878
6	2880
6	2881
6	2882
6	2883
6	2885
6	2886
6	2887
6	2888
6	2889
6	2890
6	2892
6	2893
6	2894
6	2895
6	2896
6	2897
6	2899
6	2900
6	2901
6	2902
6	2903
6	2905
6	2906
6	2908
6	2910
6	2911
6	2912
6	2913
6	2915
6	2916
6	2917
6	2928
6	2933
6	2935
6	2938
6	2952
6	2960
6	2961
6	2979
6	2982
6	2985
6	2992
6	2995
6	2997
6	2998
6	3009
6	3010
6	3016
6	3103
6	3131
6	3167
6	3242
6	3244
6	3302
6	3319
6	3356
6	3429
6	3459
6	3591
6	3669
6	3673
6	3685
6	3696
6	3717
6	3723
6	3727
6	3848
6	3852
6	3869
6	3903
6	3997
6	4003
6	4257
6	4277
6	4431
6	4465
6	4553
6	4785
6	4961
6	4978
6	5009
6	5019
6	5022
6	5063
6	5080
6	5106
6	5118
6	5182
6	5232
6	5255
6	5281
6	5284
6	5306
6	5310
6	5509
6	5630
6	5691
6	5710
6	5755
6	5929
6	5940
6	6056
6	6096
6	6098
6	6101
6	6265
6	6276
6	6350
6	6476
6	6667
6	6682
6	6721
6	6822
6	6833
6	6863
6	6958
6	6964
6	7004
6	7031
6	7044
6	7120
6	7170
6	7182
6	7278
6	7281
6	7306
6	7412
6	7441
6	7490
6	7648
6	7687
6	7688
6	7704
6	7706
6	7762
6	7881
6	7892
6	7906
6	7910
6	7922
6	8086
6	8136
6	8212
6	8238
6	8252
6	8253
6	8271
6	8296
6	8345
6	8372
6	8387
6	8542
6	8571
6	8576
6	8610
6	8657
6	8674
6	8699
6	8732
6	8888
6	8923
6	8926
6	8960
6	8996
6	9032
6	9071
6	9078
6	9088
6	9179
6	9187
6	9188
6	9191
6	9192
6	9203
6	9206
6	9237
6	9270
6	9451
6	9473
6	9479
6	9487
6	9503
6	9520
6	9524
6	9551
6	9683
6	9705
6	9753
6	9755
6	9887
6	9912
6	9963
6	9968
6	10031
6	10052
6	10155
6	10208
6	10227
6	10249
6	10321
6	10396
6	10454
6	10550
6	10575
6	10601
6	10647
6	10698
6	10721
6	10830
6	10832
6	10917
6	10951
6	11022
6	11090
6	11150
6	11165
6	11187
6	11206
6	11276
6	11294
6	11451
6	11497
6	11528
6	11541
6	11681
6	11844
6	11882
6	11903
6	11912
6	12039
6	12065
6	12092
6	12097
6	12101
6	12119
6	12153
6	12179
6	12184
6	12198
6	12207
6	12215
6	12244
6	12246
6	12302
6	12330
6	12337
6	12366
6	12372
6	12397
6	12455
6	12481
6	12510
6	12567
6	12625
6	12647
6	12725
6	12741
6	12965
6	12966
6	12979
6	12981
6	12983
6	12999
6	13005
6	13007
6	13035
6	13036
6	13053
6	13056
6	13070
7	895
7	1388
7	3124
7	3298
7	3414
7	3479
7	3550
7	3857
7	3959
7	3996
7	4000
7	4002
7	4330
7	4596
7	4737
7	4748
7	4844
7	5012
7	5103
7	5217
7	5228
7	5271
7	5304
7	5367
7	5379
7	5540
7	5565
7	5579
7	5608
7	6033
7	6092
7	6156
7	6167
7	6194
7	6299
7	6414
7	6442
7	6521
7	6531
7	6551
7	6668
7	6712
7	6734
7	6938
7	6991
7	7064
7	7122
7	7275
7	7332
7	7337
7	7418
7	7443
7	7500
7	7608
7	7678
7	7739
7	7832
7	7858
7	8009
7	8082
7	8388
7	8614
7	8812
7	8964
7	9201
7	9309
7	9337
7	9775
7	10136
7	10268
7	10523
7	10627
7	10955
7	11240
7	11289
7	11476
7	11582
7	11598
7	11707
7	11784
7	12032
7	12063
7	12107
7	12115
7	12208
7	12291
7	12436
7	12465
7	12632
7	12685
7	12745
7	13015
