16
19
23
29
41
46
67
73
79
87
100
130
131
140
158
160
181
209
219
222
246
253
255
268
284
286
288
290
295
298
299
304
309
316
322
326
327
330
333
337
339
341
342
343
350
353
355
363
376
377
380
388
394
403
404
405
418
420
424
428
429
433
436
439
449
450
457
458
463
475
481
482
483
486
488
490
493
499
500
518
522
523
528
531
532
537
539
544
549
552
555
560
562
569
572
579
588
613
628
634
637
656
679
693
718
721
722
732
735
748
771
784
785
791
792
797
802
803
806
812
818
819
822
841
843
851
858
865
868
881
919
925
942
953
954
959
979
981
984
987
994
1002
1005
1020
1025
1029
1042
1048
1055
1065
1070
1096
1102
1113
1126
1131
1132
1133
1134
1159
1169
1175
1205
1224
1229
1230
1236
1246
1268
1270
1280
1281
1290
1293
1327
1329
1330
1335
1336
1345
1362
1374
1387
1398
1400
1401
1411
1417
1426
1436
1446
1473
1482
1505
1538
1551
1555
1560
1571
1595
1609
1612
1624
1650
1655
1656
1664
1667
1668
1672
1677
1680
1682
1683
1688
1690
1693
1695
1701
1709
1711
1713
1714
1717
1722
1730
1733
1737
1740
1741
1743
1745
1746
1751
1753
1754
1775
1776
1780
1787
1789
1790
1794
1796
1802
1807
1811
1813
1818
1822
1824
1828
1832
1837
1841
1842
1848
1849
1856
1859
1861
1862
1865
1868
1870
1875
1883
1887
1888
1898
1908
1916
1920
1933
1957
1995
1998
2018
2021
2022
2027
2047
2051
2081
2082
2083
2087
2098
2110
2130
2134
2140
2146
2154
2157
2162
2174
2177
2189
2193
2197
2198
2200
2210
2224
2228
2231
2242
2246
2253
2256
2257
2258
2268
2276
2281
2285
2287
2294
2295
2297
2302
2305
2309
2311
2319
2320
2324
2335
2340
2343
2352
2361
2365
2369
2374
2388
2395
2397
2404
2405
2414
2420
2425
2430
2432
2433
2454
2456
2458
2460
2467
2475
2489
2491
2496
2499
2505
2517
2520
2522
2524
2526
2529
2533
2542
2552
2554
2556
2565
2574
2578
2581
2583
2594
2596
2606
2618
2624
2628
2631
2634
2637
2642
2650
2653
2656
2659
2668
2682
2692
2694
2706
2707
2715
2730
2731
2733
2738
2746
2747
2768
2775
2781
2800
2807
2823
2835
2840
2843
2868
2871
2873
2891
2898
2914
2919
2920
2922
2924
2926
2927
2931
2932
2937
2941
2942
2943
2947
2948
2957
2958
2959
2962
2967
2970
2971
2973
2974
2977
2978
2980
2981
2983
2984
2986
2988
2991
2993
2999
3000
3001
3003
3004
3008
3011
3013
3014
3015
3017
3018
3019
3020
3021
3025
3026
3028
3039
3048
3053
3070
3071
3083
3086
3093
3106
3159
3187
3188
3199
3251
3253
3277
3293
3297
3310
3323
3328
3340
3341
3347
3348
3350
3375
3376
3379
3393
3399
3403
3407
3415
3416
3426
3431
3446
3449
3450
3463
3477
3481
3484
3522
3542
3555
3581
3588
3609
3610
3646
3655
3656
3657
3676
3677
3683
3694
3702
3715
3721
3762
3777
3789
3827
3831
3842
3851
3860
3881
3890
3891
3896
3922
3944
3945
3957
3975
3988
3993
4001
4035
4037
4051
4059
4063
4073
4081
4082
4088
4100
4111
4119
4130
4140
4144
4165
4166
4183
4185
4271
4272
4298
4305
4313
4315
4341
4343
4352
4353
4380
4408
4413
4436
4443
4453
4456
4458
4468
4474
4476
4477
4485
4486
4492
4501
4506
4507
4512
4517
4555
4608
4611
4631
4665
4669
4735
4738
4766
4775
4813
4843
4849
4851
4852
4854
4873
4874
4878
4897
4906
4936
4966
4968
4971
4972
4981
4992
5028
5056
5057
5081
5091
5105
5115
5116
5117
5129
5139
5158
5169
5172
5215
5247
5251
5268
5283
5311
5317
5318
5334
5355
5366
5385
5390
5391
5393
5413
5422
5429
5463
5465
5495
5512
5515
5519
5524
5531
5545
5548
5552
5553
5562
5573
5575
5578
5591
5600
5623
5640
5663
5685
5693
5700
5725
5742
5745
5775
5795
5798
5818
5819
5820
5829
5833
5841
5842
5874
5888
5902
5916
5928
5957
5958
5959
5961
5964
5967
5975
6004
6008
6009
6012
6015
6022
6025
6027
6030
6039
6043
6061
6069
6103
6146
6147
6152
6154
6166
6175
6185
6188
6224
6254
6258
6280
6287
6315
6316
6317
6319
6332
6347
6351
6365
6418
6489
6491
6512
6577
6596
6606
6626
6633
6646
6655
6659
6661
6662
6670
6672
6673
6696
6700
6708
6751
6767
6797
6804
6806
6808
6809
6811
6818
6829
6836
6839
6841
6855
6860
6867
6881
6886
6895
6900
6908
6921
6930
6946
6959
6980
7014
7023
7047
7076
7077
7082
7086
7087
7094
7107
7110
7127
7128
7141
7154
7160
7161
7193
7194
7202
7203
7219
7225
7238
7257
7260
7261
7266
7268
7282
7308
7309
7318
7322
7327
7328
7347
7376
7384
7394
7397
7402
7420
7422
7431
7470
7513
7523
7525
7532
7547
7565
7585
7592
7599
7610
7613
7619
7621
7645
7653
7673
7674
7675
7700
7705
7720
7725
7735
7758
7768
7791
7818
7839
7844
7845
7848
7852
7854
7866
7870
7884
7887
7901
7949
7970
7977
7989
8005
8057
8068
8123
8138
8163
8164
8169
8177
8194
8227
8229
8240
8250
8251
8262
8264
8270
8305
8317
8323
8329
8331
8335
8356
8359
8404
8409
8413
8415
8422
8434
8501
8502
8524
8543
8551
8557
8568
8574
8577
8624
8633
8645
8648
8672
8681
8682
8685
8688
8704
8708
8709
8787
8794
8811
8823
8828
8844
8856
8862
8873
8878
8933
8945
8949
8997
9001
9012
9016
9029
9037
9051
9059
9096
9115
9118
9153
9155
9156
9164
9180
9183
9199
9200
9204
9211
9221
9226
9264
9266
9304
9319
9336
9346
9353
9359
9368
9385
9387
9388
9393
9400
9411
9459
9485
9513
9515
9516
9525
9542
9559
9567
9569
9613
9629
9642
9648
9679
9724
9725
9728
9744
9745
9764
9765
9781
9818
9838
9839
9854
9855
9860
9864
9869
9874
9903
9906
9932
9936
9949
9979
9984
10002
10003
10011
10029
10030
10035
10046
10053
10054
10101
10104
10115
10133
10144
10175
10182
10185
10198
10204
10222
10225
10226
10246
10254
10312
10314
10333
10337
10339
10366
10400
10408
10413
10430
10445
10446
10451
10477
10546
10548
10552
10564
10569
10579
10589
10590
10618
10640
10659
10673
10679
10684
10688
10691
10700
10731
10795
10798
10807
10817
10818
10837
10840
10852
10858
10860
10873
10925
10959
10960
10967
10982
11027
11029
11034
11035
11050
11067
11091
11093
11095
11108
11112
11128
11133
11146
11153
11185
11195
11196
11216
11227
11271
11274
11303
11309
11321
11331
11332
11339
11370
11382
11383
11429
11445
11453
11457
11479
11482
11484
11487
11500
11501
11519
11537
11544
11561
11578
11579
11580
11587
11588
11592
11593
11603
11609
11625
11659
11667
11721
11722
11728
11742
11773
11777
11824
11871
11883
11886
11905
11906
11907
11925
11933
11940
12002
12006
12008
12044
12069
12155
12204
12221
12241
12254
12266
12275
12276
12279
12321
12323
12335
12336
12339
12347
12354
12358
12378
12389
12409
12435
12438
12445
12468
12477
12479
12492
12493
12494
12495
12497
12500
12502
12503
12504
12505
12506
12507
12508
12509
12513
12514
12517
12518
12519
12521
12522
12523
12525
12526
12529
12530
12531
12532
12535
12536
12538
12542
12543
12544
12545
12546
12547
12548
12549
12550
12552
12553
12555
12557
12558
12559
12560
12561
12562
12565
12566
12569
12571
12572
12573
12575
12576
12577
12579
12580
12581
12582
12587
12588
12589
12590
12591
12592
12593
12595
12596
12597
12599
12600
12601
12602
12604
12605
12607
12608
12609
12610
12612
12613
12615
12616
12618
12620
12631
12639
12642
12651
12657
12681
12682
12686
12699
12705
12708
12724
12751
12756
12760
12764
12778
12800
12809
12816
12824
12830
12833
12842
12843
12856
12859
12864
12882
12883
12891
12907
12910
12932
12938
12945
12980
12990
13000
13008
13024
13030
13045
13052
13055
13058
