7
31
40
65
86
88
89
91
157
173
178
199
208
213
255
258
277
282
308
324
328
331
332
334
337
345
346
373
438
439
564
671
684
699
724
740
742
744
751
755
760
782
793
795
805
815
865
873
906
942
1017
1022
1109
1161
1192
1209
1224
1241
1264
1312
1314
1324
1325
1329
1361
1373
1378
1418
1445
1446
1459
1475
1478
1497
1500
1523
1562
1582
1616
1630
1730
1733
1734
1736
1764
1810
1819
1872
1896
1945
1947
2006
2051
2080
2102
2108
2119
2127
2171
2173
2186
2188
2219
2229
2233
2237
2240
2255
2256
2319
2329
2363
2370
2435
2536
2562
2564
2565
2566
2572
2640
2676
2712
2733
2782
2788
2791
2799
2817
2847
2856
2870
2880
2882
2912
2913
2943
2993
3027
3039
3049
3056
3057
3060
3061
3063
3064
3098
3099
3100
3103
3107
3113
3121
3128
3129
3144
3199
3202
3228
3229
3230
3232
3240
3265
3272
3278
3280
3331
3340
3344
3346
3353
3395
3408
3417
3437
3438
3456
3462
3463
3464
3487
3548
3620
3622
3623
3633
3664
3668
3669
3672
3673
3675
3678
3680
3681
3684
3689
3691
3692
3695
3696
3703
3707
3725
3729
3739
3769
3786
3791
3826
3851
3855
3889
3918
3990
3997
4001
4011
4084
4120
4123
4125
4129
4133
4143
4146
4184
4188
4212
4214
4236
4237
4244
4246
4267
4268
4304
4348
4350
4352
4366
4372
4374
4393
4401
4436
4449
4461
4522
4537
4546
4547
4551
4564
4579
4657
4662
4666
4726
4728
4743
4752
4755
4757
4835
4935
4950
4974
4977
5003
5008
5011
5018
5030
5031
5064
5065
5070
5090
5102
5126
5145
5185
5197
5198
5201
5206
5212
5215
5310
5318
5319
5327
5329
5352
5363
5366
5421
5439
5451
5469
5476
5492
5495
5557
5562
5594
5612
5618
5619
5632
5651
5653
5671
5680
5690
5691
5700
5701
5710
5713
5776
5780
5784
5792
5810
5831
5832
5850
5852
5861
5863
5872
5874
5877
5889
5894
5897
5905
5909
5912
5937
5941
5958
5993
6027
6028
6030
6033
6038
6045
6084
6089
6101
6104
6105
6107
6108
6109
6111
6112
6113
6117
6119
6120
6121
6128
6137
6163
6173
6174
6176
6179
6189
6191
6192
6212
6224
6233
6236
6237
6285
6292
6298
6307
6315
6386
6392
6397
6434
6449
6459
6460
6462
6508
6511
6526
6537
6546
6589
6627
6647
6658
6675
6701
6723
6743
6744
6748
6753
6757
6771
6774
6791
6800
6811
6813
6838
6847
6865
6878
6893
6901
6911
6921
6933
6938
6951
6965
7029
7039
7056
7082
7088
7093
7094
7101
7109
7120
7127
7130
7135
7143
7148
7159
7178
7180
7203
7230
7253
7264
7278
7279
7280
7281
7282
7285
7288
7321
7323
7333
7340
7346
7354
7384
7390
7397
7400
7412
7415
7426
7439
7440
7443
7475
7507
7508
7512
7513
7563
7564
7579
7583
7584
7598
7695
7747
7782
7793
7802
7808
7955
7957
7977
7978
7981
7982
7983
7984
7985
7986
7987
7989
7994
7995
7997
7998
8019
8021
8022
8031
8032
8034
8036
8039
8077
8095
8098
8116
8118
8124
8125
8126
8128
8138
8143
8146
8153
8162
8179
8187
8222
8223
8243
8267
8335
8341
8377
8378
8395
8399
8407
8439
8440
8490
8529
8537
8545
8547
8550
8568
8571
8574
8577
8578
8579
8580
8591
8593
8594
8595
8597
8598
8599
8601
8606
8657
8674
8677
8683
8707
8709
8713
8728
8734
8747
8774
8780
8789
8792
8794
8796
8798
8801
8802
8803
8851
8862
8863
8871
8873
8875
8879
8895
8899
8923
8924
8958
8959
8976
8977
8978
8979
8980
8984
9002
9052
9089
9090
9091
9092
9112
9128
9134
9153
9217
9233
9236
9237
9243
9244
9260
9261
9263
9279
9294
9300
9308
9346
9347
9349
9351
9399
9401
9440
9445
9454
9461
9499
9500
9507
9513
9552
9553
9559
9564
9565
9602
9619
9649
9670
9671
9681
9694
9706
9723
9739
9749
9751
9765
9767
9772
9776
9788
9833
9839
9843
9844
9846
9847
9923
9933
9937
9940
9943
9946
9955
9958
10043
10058
10095
10100
10102
10104
10105
10106
10107
10110
10115
10120
10163
10184
10224
10227
10263
10264
10318
10320
10324
10329
10371
10381
10390
10421
10438
10447
10473
10486
10488
10504
10517
10518
10519
10521
10522
10523
10549
10576
10634
10648
10673
10678
10693
10704
10724
10746
10764
10765
10775
10830
10835
10844
10847
10850
10866
10870
10873
10882
10901
10925
10930
10932
10934
10937
10939
10940
10941
10944
10950
10951
10953
10956
10957
10958
10982
10999
11014
11032
11057
11081
11084
11087
11095
11127
11139
11143
11151
11163
11168
11173
11198
11212
11215
11246
11260
11267
11318
11319
11325
11336
11340
11363
11387
11415
11424
11428
11430
11431
11445
11456
11461
11467
11470
11471
11497
11502
11534
11536
11540
11542
11548
11565
11566
11578
11581
11624
11627
11628
11635
11660
11669
11672
11674
11685
11692
11702
11706
11743
11767
11775
11788
11802
11804
11807
11853
11876
11877
11883
11885
11890
11891
11904
11911
11912
11932
11933
11945
11946
12002
12005
12021
12025
12026
12027
12028
12046
12052
12059
12070
12071
12072
12084
12100
12110
12123
12128
12129
12135
12136
12138
12140
12149
12150
12160
12161
12162
12174
12184
12189
12195
12218
12231
12232
12234
12265
12291
12300
12320
12348
12366
12387
12389
12390
12392
12396
12397
12403
12404
12409
12413
12433
12440
12454
12470
12486
12498
12537
12549
12553
12554
12574
12589
12591
12603
12627
12631
12632
12633
12636
12639
12640
12703
12711
12721
12738
12739
12740
12815
12833
12844
12845
12850
12853
12854
12856
12880
12884
12896
12903
12908
12924
12954
12956
12981
12987
12998
13016
13021
13066
13070
13077
13089
13124
13131
13179
13188
13211
13212
13220
13236
13241
13242
13243
13245
13248
13249
13252
13313
13314
13315
13316
13319
13320
13322
13323
13326
13327
13335
13341
13358
13361
13362
13383
13423
13489
13500
13509
13518
13568
13616
13624
13625
13630
13667
13668
13678
13729
13744
13750
13753
13758
13771
13785
13795
13802
13812
13836
13845
13859
13866
13886
13887
13916
13944
13945
13946
13954
13975
14021
14032
14041
14072
14087
14123
14125
14126
14141
14142
14144
14157
14167
14175
14183
14185
14188
14190
14191
14199
14205
14245
14280
14291
14293
14301
14312
14401
14409
14464
14465
14481
14490
14522
14523
14524
14525
14547
14577
14676
14708
14709
14711
14714
14718
14721
14729
14731
14755
14771
14841
14871
14907
14931
14934
14939
14977
14980
14985
14987
14988
14994
14995
15000
15030
15113
15116
15118
15152
15174
15233
15240
15243
15260
15302
15310
15315
15321
15333
15337
15389
15390
15398
15409
15415
15436
15459
15470
15474
15481
15491
15493
15555
15557
15562
15563
15568
15569
15571
15573
15574
15575
15583
15584
15591
15596
15623
15624
15625
15641
15662
15684
15690
15698
15709
15771
15785
15800
15801
15815
15830
15851
15856
15858
15865
15871
15886
15890
15891
15893
15895
15897
15898
15899
15901
15947
15992
16079
16082
16087
16119
16143
16208
16215
16228
16230
16231
16235
16238
16239
16240
16241
16243
16244
16245
16250
16295
16297
16312
16323
16326
16349
16354
16363
16364
16372
16376
16377
16391
16400
16401
16403
16421
16423
16428
16452
16465
16496
16498
16499
16500
16501
16502
16503
16504
16513
16543
16544
16558
16561
16572
16590
16597
16618
16639
16647
16661
16672
16676
16677
16684
16687
16699
16705
16710
16715
16730
16749
16833
16869
16871
16877
16909
16912
16925
16926
16931
16936
16954
16960
16986
16990
16996
16999
17004
17033
17037
17044
17047
17050
17051
17055
17056
17057
17065
17068
17073
17074
17078
17080
17081
17089
17093
17096
17132
17133
17134
17206
17215
17227
17228
17229
17241
17244
17247
17255
17256
17258
17270
17284
17301
17317
17321
17354
17378
17391
17393
17398
17399
17430
17431
17449
17450
17459
17460
17465
17466
17468
17472
17486
17490
17502
17509
17544
17550
17554
17562
17564
17567
17568
17569
17570
17575
17582
17635
17650
17651
17684
17685
17686
17697
17700
17701
17704
17705
17706
17707
17709
17710
17712
17714
17716
17722
17724
17733
17734
17743
17806
17820
17846
17847
17848
17850
17852
17853
17855
17893
17913
17937
17948
17960
17982
17991
18001
18039
18041
18154
18187
18223
18230
18291
18299
18300
18310
18369
18375
18386
18400
18401
18405
18407
18443
18536
18553
18561
18573
18575
18576
18578
18579
18582
18583
18584
18585
18604
18617
18618
18621
18624
18628
18629
18630
18633
18636
18639
18640
18660
18661
18662
18664
18665
18678
18697
18718
18719
18729
18737
18741
18771
18777
18797
18798
18805
18817
18854
18865
18866
18867
18879
18892
18945
18946
18948
18957
18999
19050
19069
19133
19148
19149
19150
19163
19217
19219
19247
19258
19263
19293
19311
19312
19317
19346
19355
19357
19359
19381
19419
19458
19467
19469
19470
19474
19476
19483
19513
19569
19573
19578
19587
19602
19653
19717
19773
19797
19804
19823
19834
19849
19880
19898
19899
19909
19918
19934
19948
19996
19997
20015
20032
20037
20039
20054
20055
20056
20063
20084
20088
20104
20111
20117
20118
20133
20136
20143
20144
20146
20147
20148
20149
20152
20155
20189
20210
20242
20298
20359
20380
20408
20454
20455
20480
20488
20508
20555
20557
20559
20560
20586
20667
20677
20678
20679
20680
20681
20682
20700
20726
20736
20789
20796
20799
20811
20817
20818
20867
20917
20942
20985
20997
20998
21001
21029
21032
21037
21040
21055
21085
21090
21092
21095
21096
21105
21113
21120
21122
21131
21135
21137
21147
21151
21209
21221
21235
21246
21298
21299
21301
21325
21333
21384
21385
21387
21394
21400
21404
21414
21474
21520
21521
21525
21526
21547
21572
21580
21593
21615
21633
21634
21641
21672
21677
21679
21682
21769
21771
21773
21774
21775
21776
21805
21809
21812
21817
21828
21874
21908
21926
21943
21984
22014
22015
22024
22073
22079
22092
22108
22166
22190
22191
22192
22212
22225
22244
22257
22259
22262
22279
22281
22344
22350
22376
22386
22389
22400
22426
22451
22459
22479
22503
22519
22520
22523
22528
22538
22541
22551
22552
22564
22566
22570
22581
22586
22613
22653
22655
22666
22683
22716
22727
22733
22746
22783
22794
22856
22857
22858
22859
22864
