87
284
333
337
439
539
579
628
679
693
718
722
735
785
792
802
806
812
819
822
841
843
851
953
954
959
979
987
994
1002
1020
1029
1042
1048
1055
1065
1133
1159
1175
1236
1268
1290
1327
1336
1345
1362
1400
1411
1436
1555
1609
1612
1624
1664
1701
1713
1714
1787
1794
1824
1856
1908
1995
1998
2022
2154
2157
2162
2210
2224
2257
2268
2276
2281
2297
2309
2311
2319
2361
2365
2369
2374
2395
2397
2405
2414
2425
2430
2432
2433
2454
2460
2533
2596
2606
2694
2706
2715
2746
2781
2800
2807
2835
2942
2947
2967
2977
3015
3025
3039
3053
3086
3106
3187
3199
3277
3310
3399
3407
3416
3426
3449
3481
3555
3655
3656
3657
3677
3789
3851
3896
3922
3975
3988
4035
4100
4119
4272
4313
4341
4408
4436
4453
4477
4486
4492
4501
4506
4507
4608
4665
4735
4738
4775
4813
4873
4897
4968
4972
5056
5081
5139
5169
5172
5251
5283
5311
5413
5465
5495
5512
5524
5553
5575
5591
5600
5623
5700
5745
5841
5957
5958
5959
5961
5975
6009
6015
6025
6030
6043
6061
6152
6154
6258
6287
6316
6317
6347
6365
6418
6489
6577
6596
6606
6659
6672
6696
6751
6797
6811
6829
6860
6900
6921
7014
7047
7087
7154
7193
7203
7266
7322
7397
7402
7525
7565
7621
7645
7839
7852
7884
7977
8005
8068
8164
8177
8251
8323
8329
8335
8356
8404
8409
8413
8568
8574
8624
8688
8708
8828
8856
8878
8945
9016
9199
9304
9319
9346
9353
9385
9387
9388
9513
9542
9724
9745
9855
9869
9903
10011
10030
10035
10054
10101
10104
10144
10175
10182
10225
10333
10400
10430
10579
10925
10982
11095
11108
11309
11339
11370
11453
11479
11484
11537
11603
11609
11883
11905
11940
12008
12266
12275
12335
12354
12435
12477
12495
12497
12505
12521
12536
12569
12571
12572
12589
12590
12681
12708
12724
12760
12764
12778
12809
12816
12833
12842
12843
12856
12859
12864
12907
12932
12945
12980
12990
