44
550
810
1179
1308
1386
1529
2113
2144
2215
2282
2312
2419
2654
2969
3136
3163
3166
3213
3300
3353
3409
3524
3637
3707
3710
3744
3756
3763
3769
3785
3861
3969
3970
3971
3972
3995
4004
4009
4137
4153
4162
4168
4175
4179
4203
4244
4245
4251
4260
4284
4286
4306
4311
4312
4400
4406
4415
4448
4471
4479
4489
4516
4564
4599
4602
4604
4605
4643
4662
4749
4758
4776
4786
4800
4807
4832
4833
4842
4845
4884
4887
4904
4942
4955
4974
4991
4998
5049
5059
5070
5132
5133
5199
5270
5295
5323
5349
5353
5389
5488
5505
5536
5547
5587
5615
5674
5676
5677
5703
5768
5772
5781
5805
5815
5840
5861
5903
5941
5960
5995
6082
6129
6132
6136
6192
6200
6221
6264
6362
6382
6405
6413
6422
6449
6486
6490
6532
6537
6649
6650
6703
6704
6713
6728
6753
6759
6763
6776
6803
6838
6843
6859
6862
6870
6940
6943
7052
7055
7067
7101
7121
7137
7146
7162
7173
7234
7262
7269
7316
7353
7398
7415
7448
7453
7459
7623
7641
7649
7669
7721
7750
7752
7771
7781
7820
7821
7836
7899
7966
7975
7980
7996
8067
8076
8083
8087
8092
8127
8150
8174
8222
8237
8249
8277
8289
8313
8316
8326
8330
8360
8433
8468
8487
8491
8504
8531
8606
8620
8667
8669
8724
8743
8757
8783
8786
8795
8892
8912
8928
8941
8963
8966
8968
8979
9002
9030
9050
9054
9069
9070
9099
9100
9107
9114
9210
9225
9292
9298
9358
9396
9410
9418
9423
9465
9553
9561
9589
9612
9661
9735
9768
9814
9884
9907
9911
9921
9957
9967
10016
10050
10083
10113
10117
10148
10213
10231
10291
10297
10326
10359
10361
10465
10466
10492
10511
10543
10551
10637
10654
10701
10702
10708
10724
10876
10915
10936
11044
11055
11073
11076
11117
11131
11134
11143
11158
11192
11197
11225
11237
11242
11254
11326
11342
11345
11357
11379
11394
11416
11460
11503
11532
11539
11569
11597
11634
11646
11669
11715
11736
11766
11796
11830
11832
11854
11874
11877
11943
11975
12009
12081
12086
12087
12110
12134
12139
12151
12239
12242
12245
12278
12287
12290
12293
12343
12350
12369
12464
12473
12489
12512
12659
12852
13063
