112
116
139
146
153
167
169
284
322
379
393
438
444
446
451
453
454
456
458
462
463
464
467
469
474
481
483
488
493
496
499
502
505
510
513
515
516
579
584
586
587
647
652
654
656
661
662
663
664
666
675
679
685
691
693
695
708
710
715
718
721
723
728
729
749
755
789
819
827
835
872
969
1056
1121
1162
1194
1212
1232
1236
1240
1244
1245
1258
1267
1271
1275
1282
1285
1320
1387
1390
1408
1453
1501
1504
1508
1509
1511
1513
1514
1516
1519
1522
1523
1525
1527
1530
1542
1544
1551
1552
1555
1566
1580
1582
1592
1615
1679
1684
1690
1701
1708
1713
1721
1722
1729
1730
1732
1734
1785
1832
1853
1866
1867
1881
1892
1893
1894
1895
1908
1923
1931
1946
1954
1966
1978
1988
1999
2008
2020
2028
2043
2057
2067
2077
2095
2106
2119
2129
2139
2149
2160
2177
2190
2205
2232
2245
2348
2358
2368
2378
2389
2401
2411
2428
2438
2458
2468
2478
2488
2498
2508
2518
2537
2547
2557
2567
2580
2590
2600
2608
2619
2625
2633
2643
2653
2663
2673
2684
2687
2694
2708
2720
2722
2730
2751
2752
2758
2761
2790
2791
2812
2846
2862
2872
2891
2892
2905
2915
2921
2930
2940
2948
2959
2991
3116
3119
3136
3137
3180
3241
3275
3297
3302
3313
3352
3377
3408
3428
3470
3588
3598
3610
3631
3646
3649
3651
3653
3655
3657
3659
3661
3663
3665
3667
3669
3672
3676
3678
3679
3693
3694
3735
3778
3785
3806
3815
3816
3817
3823
3824
3825
3827
3909
3959
3968
3969
3970
3997
4001
4014
4016
4019
4070
4101
4119
4121
4124
4125
4132
4137
4139
4149
4153
4157
4161
4162
4163
4167
4171
4179
4184
4189
4196
4202
4208
4210
4211
4212
4213
4218
4225
4227
4231
4236
4238
4241
4246
4249
4251
4256
4259
4262
4264
4267
4272
4276
4279
4285
4291
4294
4298
4319
4322
4323
4324
4325
4333
4339
4340
4342
4361
4363
4366
4399
4443
4453
4476
4478
4524
4548
4571
4663
4679
4692
4698
4706
4712
4716
4750
4771
4781
4789
4795
4839
4853
4864
4875
4887
4930
4958
4979
4984
4997
5002
5011
5035
5046
5054
5056
5060
5077
5082
5087
5090
5095
5097
5101
5106
5108
5127
5129
5133
5150
5151
5158
5163
5170
5186
5192
5198
5214
5285
5289
5295
5301
5310
5317
5372
5452
5478
5498
5504
5545
5549
5571
5645
5649
5658
5664
5670
5705
5727
5793
5831
5869
5897
5903
5906
5935
5961
5962
5963
5964
5969
5979
6001
6012
6021
6029
6031
6037
6043
6049
6060
6114
6134
6172
6282
6292
6306
6384
6398
6406
6410
6416
6427
6430
6449
6450
6469
6557
6570
6587
6623
6675
6681
6686
6691
6692
6698
6714
6715
6741
6835
6841
6850
6851
6860
6888
6894
6900
6910
6935
6967
6970
6977
7019
7092
7095
7117
7147
7160
7218
7222
7228
7282
7283
7293
7370
7373
7379
7399
7400
7401
7423
7425
7427
7429
7430
7433
7445
7446
7452
7453
7457
7469
7482
7483
7484
7487
7489
7501
7526
7533
7566
7588
7653
7661
7662
7687
7688
7694
7708
7723
7725
7736
7737
7741
7813
7825
7879
7884
7928
7939
8037
8068
8072
8073
8078
8105
8108
8147
8153
8159
8165
8322
8323
8403
8408
8566
8591
8607
8783
8809
8826
8829
8850
8852
8869
8883
8889
8893
8898
8904
8968
8996
9002
9024
9026
9086
9106
9124
9140
9165
9186
9187
9189
9208
9214
9218
9224
9274
9326
9392
9405
9429
9441
9454
9465
9478
9489
9502
9520
9535
9554
9605
9606
9622
9634
9692
9723
9734
9737
9870
9884
9908
9922
9994
10004
10034
10051
10094
10101
10133
10138
10156
10375
10393
10406
10435
10449
10464
10466
10505
10543
10556
10565
10567
10571
10805
10816
10828
10842
10863
10881
10893
10907
10921
10936
10951
10966
11010
11023
11037
11064
11079
11089
11120
11133
11145
11160
11185
11302
11308
11321
11337
11339
11346
11347
11427
11441
11457
11471
11484
11500
11511
11524
11620
11628
11661
11665
11671
11672
11680
11681
11699
11705
11709
11741
11775
11933
11941
11944
11947
11951
11954
11955
11956
11958
11991
11992
11998
12002
12003
12005
12007
12011
12013
12017
12019
12021
12033
12118
12133
12148
12149
12176
12177
12183
12200
12208
12213
12219
12260
12288
12289
12302
12312
12314
12316
12322
12350
12384
12385
12389
12436
12441
12452
12536
12556
12558
12565
12569
12574
12616
12618
12634
12648
12697
12699
12733
12763
12789
12790
12797
12798
12814
12815
12819
12827
12862
12883
12887
12888
12889
12904
12913
12973
12979
12999
13001
13046
13051
13063
13068
13074
13100
13147
13148
13174
13197
13200
13204
13205
13207
13209
13210
13212
13223
13228
13229
13230
13232
13236
13261
13263
13265
13266
13297
13301
13306
13308
13312
13316
13320
13321
13329
13383
13398
13406
13441
13505
13524
13717
13730
13746
13747
13767
13789
13821
13838
13844
13850
13919
13975
13986
13994
14015
14044
14066
14204
14248
14249
14251
14263
14285
14291
14302
14308
14372
14373
14417
14473
14476
14535
14536
14538
14547
14628
14630
14631
14635
14637
14658
14673
14679
14701
14737
14822
14850
14870
14885
14926
14930
14938
14943
14947
14951
14954
14955
14961
14969
14973
14984
14985
15065
15093
15095
15111
15142
15185
15188
15223
15224
15233
15247
15277
15297
15341
15342
15352
15368
15378
15458
15474
15479
15536
15547
15576
15645
15648
15775
15787
15792
15794
15806
15830
15832
15967
15986
16010
16063
16071
16105
16111
16117
16182
16222
16229
16242
16246
16284
16301
16306
16311
16322
16331
16341
16345
16394
16476
16509
16524
16538
16542
16554
16571
16572
16576
16622
16623
16626
16627
16676
16703
16735
16736
16741
16783
16878
16880
16881
16890
16892
16896
16899
16902
16905
16906
16924
16942
16963
16998
17021
17035
17038
17077
17158
17175
17204
17223
17264
17303
17314
17358
17370
17371
17388
17417
17419
17445
17605
17613
17618
17634
17648
17655
17673
17678
17718
17720
17773
17794
17903
18038
18073
18074
18076
18104
18106
18152
18173
18187
18205
18208
18212
18214
18219
18234
18238
18240
18264
18280
18336
18394
18403
18424
18483
18530
18571
18579
18585
18586
18591
18602
18730
18743
18761
18782
18818
18928
18939
18945
18952
19109
19126
19166
19268
19271
19291
19294
19303
19307
19401
19402
19407
19445
19464
19501
19524
19532
19538
19544
19550
19554
19577
19666
19670
19675
19678
19682
19686
19688
19692
19696
19697
19701
19704
19707
19708
19709
19711
19723
19728
19750
19759
19761
19764
19768
19774
19780
19790
19825
19831
19837
19875
19876
19883
19888
19902
19928
19929
19941
19960
19982
20073
20100
20120
20161
20170
20183
20253
20278
20360
20405
20421
20444
20459
20482
20493
20497
20506
20521
20534
20562
20576
20640
20666
20682
20688
20693
20694
20725
20751
20752
20867
20881
20884
20925
20955
20963
20972
20997
21002
21069
21097
21121
21135
21137
21163
21176
21207
21280
21289
21301
21306
21324
21351
21365
21366
21368
21370
21373
21375
21377
21379
21381
21384
21386
21387
21389
21391
21394
21398
21400
21403
21404
21406
21409
21411
21414
21415
21416
21419
21422
21424
21426
21427
21428
21429
21432
21433
21440
21441
21442
21448
21451
21457
21493
21587
21634
21663
21690
21699
21700
21709
21722
21760
21766
21774
21775
21794
21899
21900
21901
21903
21904
21906
21911
21915
21918
21920
21924
21927
21928
21930
21941
21942
21943
21949
21959
21967
21972
21978
21997
22002
22003
22017
22059
22069
22095
22098
22103
22109
22115
22121
22125
22133
22145
22152
22193
22230
22238
22248
22272
22287
22300
22311
22322
22333
22369
22374
22375
22386
22459
22520
22525
22528
22532
22537
22549
22555
22561
22567
22571
22672
22686
22719
22737
22770
22829
22834
22890
22906
22915
22947
23010
23117
23137
23141
23143
23197
23238
23240
23326
23331
23368
23374
23380
23381
23390
23433
23450
23478
23481
23518
23536
23538
23541
23545
23547
23561
23563
23568
23570
23573
23585
23602
23607
23626
23689
23708
23779
23797
23798
23813
23868
23886
23908
23913
23932
23942
23955
23974
23980
23986
23995
24014
24023
24032
24038
24041
24043
24052
24059
24061
24065
24066
24067
24071
24074
24075
24077
24081
24101
24117
24118
24149
24169
24174
24188
24208
24213
24300
24306
24321
24325
24344
24345
24401
24434
24445
24447
24463
24478
24553
24598
24614
24628
24642
24657
24685
24716
24737
24739
24746
24802
24807
24808
24816
24825
24863
24891
24907
24916
24926
24927
24943
24944
24948
24951
24952
24962
24965
24967
24969
24977
24982
24985
24987
24988
24990
25064
25073
25076
25089
25229
25238
25305
25364
25378
25391
25404
25409
25421
25446
25492
25519
25532
25558
25571
25584
25597
25612
25618
25629
25645
25686
25703
25720
25734
25857
25858
25859
25892
25910
25913
25951
25961
25962
26027
26032
26033
26058
26133
26148
26165
26212
26290
26291
26323
26324
26353
26371
26391
26396
26411
26426
26467
26529
26549
26566
26616
26617
26620
26754
26820
26843
26891
26905
26919
26934
26939
26971
26981
26998
27041
27077
27090
27103
27168
27196
27209
27247
27252
27254
27255
27258
27267
27294
27314
27322
27357
27423
27443
27485
27555
27595
27658
27665
27698
27704
27705
27709
27778
27849
27851
27899
27900
27921
27922
27943
27949
27955
27961
27971
28064
28172
28303
28367
28377
28421
28472
28474
28490
28506
28517
28538
28542
28562
28563
28602
28608
28613
28654
28692
28711
28758
28791
28830
28834
28841
28849
28853
28856
28860
28861
28863
28865
28867
28884
28905
28932
28939
28944
28960
28967
28999
29003
29075
29129
29131
29140
29151
29157
29158
29162
29163
29172
29177
29178
29205
29254
29262
29265
29268
29307
29350
29360
29388
29399
29414
29417
29464
29542
29609
29629
29633
29680
29686
29729
29775
29797
29808
29826
29841
29856
29870
29884
29890
29891
29902
29909
29912
29926
30013
30019
30033
30076
30082
30092
30100
30102
30125
30129
30133
30139
30142
30217
30229
30236
30252
30279
30323
30331
30336
30358
30360
30365
30367
30373
30399
30406
30420
30422
30428
30434
30442
30538
30552
30559
30571
30578
30584
30604
30616
30621
30687
30752
30817
30825
30866
30868
30874
30892
30896
30897
30930
30942
30944
31007
31041
31070
31082
31094
31105
31118
31130
31144
31156
31170
31184
31196
31232
31244
31258
31280
31329
31342
31373
31401
31415
31426
31427
31442
31455
31467
31480
31496
31512
31522
31533
31546
31558
31570
31582
31594
31606
31619
31642
31653
31745
31772
31797
31817
31844
31846
31847
31858
31888
31915
31935
31958
31981
32003
32027
32050
32061
32074
32096
32099
32109
32149
32167
32175
32186
32188
32189
32190
32191
32198
32201
32210
32270
32290
32291
32302
32312
32477
32479
32482
32483
32486
32488
32493
32498
32512
32548
32549
32598
32608
32621
32633
32647
32650
32658
32671
32673
32686
32687
32689
32690
32703
32708
32709
32719
32732
32733
32747
32763
32777
32787
32798
32807
32808
32822
32833
32834
32847
32848
32852
32864
32873
32874
32875
32877
32880
32892
32902
32906
32913
32923
32933
32943
32955
33024
33038
33050
33062
33072
33081
33082
33094
33095
33105
33118
33128
33138
33148
33158
33168
33209
33261
33271
33293
33306
33318
33363
33378
33392
33407
33422
33425
33427
33430
33442
33447
33454
33455
33458
33460
33467
33472
33488
33492
33495
33525
33584
33596
33597
33599
33611
33615
33629
33642
33643
33652
33656
33745
33756
33764
33820
33826
33837
33909
34019
34021
34036
34040
34048
34064
34068
34076
34116
34120
34151
34178
34188
34191
34261
34262
34275
34296
34426
34435
34463
34485
34516
34614
34633
34646
34650
34659
34665
34719
34727
34750
34759
34760
34780
34783
34820
34848
34866
34884
34895
34906
34908
34911
34925
34930
34941
34947
34953
34986
34987
35014
35077
35093
35106
35131
35150
35155
35203
35229
35257
35318
35321
35326
35341
35408
35439
35440
35461
35470
35476
35482
35491
35560
35608
35631
35706
35709
35712
35713
35716
35719
35722
35785
35798
35804
35807
35840
35841
35842
35844
35847
35854
35856
35858
35862
35951
35952
35974
35977
35980
35982
35986
35988
35990
35992
35994
35996
36002
36007
36011
36015
36018
36019
36021
36027
36033
36034
36038
36041
36062
36089
36090
36091
36099
36102
36103
36107
36108
36111
36112
36113
36116
36117
36118
36121
36122
36123
36129
36130
36138
36144
36150
36158
36195
36240
36271
36276
36309
36332
36339
36352
36355
36359
36360
36362
36364
36366
36368
36371
36373
36375
36377
36379
36381
36383
36389
36391
36393
36395
36397
36404
36406
36408
36410
36412
36414
36419
36421
36423
36426
36429
36432
36433
36434
36437
36438
36439
36441
36453
36495
36511
36535
36547
36562
36579
36592
36608
36624
36640
36652
36664
36676
36704
36716
36726
36744
36747
36750
36761
36789
36797
36799
36805
36832
36835
36850
36851
36866
36888
36923
36934
36959
36962
36966
36970
37031
37225
37246
37256
37267
37282
37296
37297
37302
37321
37399
37404
37406
37416
37418
37428
37434
37441
37445
37449
37455
37457
37459
37465
37498
37505
37514
37520
37546
37625
37626
37629
37634
37640
37657
37662
37717
37737
37743
37749
37834
37840
37842
37844
37849
37853
37861
37863
37864
37869
37873
37885
37886
37888
37900
37907
37914
37915
37918
37921
37927
37930
37937
37938
37945
37946
37951
37954
37957
37959
37961
37964
37967
37968
37969
37971
38005
38008
38009
38011
38012
38013
38019
38031
38033
38037
38039
38089
38097
38125
38133
38135
38194
38197
38203
38211
38216
38221
38222
38225
38231
38233
38237
38241
38245
38249
38253
38257
38261
38265
38269
38273
38277
38281
38285
38289
38293
38297
38301
38305
38309
38313
38317
38321
38325
38329
38333
38337
38341
38345
38349
38353
38369
38373
38377
38382
38386
38390
38394
38398
38402
38406
38410
38414
38418
38422
38426
38430
38434
38438
38442
38446
38450
38456
38460
38464
38468
38498
38537
38547
38553
38572
38624
38637
38656
38664
38676
38687
38702
38712
38723
38734
38745
38755
38767
38782
38805
38817
38827
38838
38851
38861
38876
38888
38891
38893
38900
38910
38922
38934
38944
38954
38964
38986
38990
38996
38998
39002
39014
39016
39017
39020
39024
39026
39032
39037
39103
39114
39124
39136
39146
39157
39167
39179
39193
39205
39215
39218
39229
39239
39251
39261
39275
39276
39296
39306
39326
39336
39383
39417
39428
39438
39451
39462
39476
39489
39499
39504
39520
39534
39546
39614
39626
39640
39651
39673
39684
39705
39718
39725
39732
39751
39763
39769
39775
39796
39805
39859
39873
39888
39901
39912
39923
39933
40013
40025
40029
40044
40059
40084
40105
40152
40195
40207
40221
40235
40248
40261
40278
40304
40317
40326
40328
40329
40334
40345
40346
40347
40355
40361
40368
40404
40452
40478
40486
40494
40519
40563
40604
40605
40606
40608
40611
40613
40614
40615
40617
40619
40621
40623
40625
40628
40633
40639
40644
40646
40653
40661
40664
40667
40670
40672
40706
40723
40741
40756
40767
40779
40796
40806
40818
40830
40842
40852
40866
40880
40895
40905
40922
40932
40956
40966
40978
40988
41000
41012
41039
41049
41062
41074
41085
41098
41174
41191
41194
41195
41204
41207
41214
41216
41218
41220
41255
41256
41273
41276
41291
41320
41373
41401
41414
41428
41439
41442
41445
41454
41471
41486
41512
41529
41535
41563
41578
41595
41630
41653
41663
41680
41698
41711
41723
41736
41755
41765
41824
41836
41847
41859
41871
41878
41883
41886
41895
41906
41909
41918
41935
41952
41968
41977
41990
42000
42016
42034
42048
42060
42072
42083
42095
42107
42118
42130
42148
42160
42175
42187
42200
42214
42220
42224
42233
42245
42271
42282
42293
42310
42341
42361
42368
42371
42373
42416
42417
42418
42420
42505
42515
42518
42520
42521
42536
42540
42550
42563
42600
42607
42608
42617
42634
42653
42774
42778
42782
42786
42790
42794
42798
42954
43178
43182
43186
43218
43271
43319
43334
43411
43432
43437
43442
43446
43493
43496
43571
43576
43599
43657
43670
43683
43694
43740
43752
43767
43779
43792
43808
43820
43834
43843
43857
43867
43878
43893
43921
43937
43959
43973
44011
44057
44072
44081
44083
44093
44098
44105
44108
44113
44118
44129
44136
44137
44139
44148
44153
44158
44163
44168
44173
44178
44183
44196
44208
44212
44216
44220
44225
44276
44290
44308
44319
44330
44341
44342
44354
44369
44384
44397
44411
44423
44435
44448
44457
44466
44477
44492
44502
44512
44522
44533
44536
44544
44564
44578
44580
44589
44613
44626
44639
44642
44652
44663
44675
44684
44703
44714
44724
44736
44748
44760
44772
44789
44803
44818
44828
44838
44848
44858
44870
44881
44893
44905
44964
44980
45024
45058
45066
45067
45077
45079
45095
45105
45142
45148
45152
45156
45160
45163
45164
45168
45172
45176
45179
45183
45187
45191
45200
45204
45211
45217
45223
45272
45276
45366
45367
45381
45387
45393
45399
45403
45406
45506
45523
45582
45586
45587
45589
45592
45594
45600
45602
45609
45610
45612
45614
45617
45620
45621
45622
45624
45637
45642
45659
45660
45678
45679
45716
45719
45723
45726
45733
45737
45738
45741
45742
45821
45841
45845
45869
45875
45882
45936
45975
45988
46024
46028
46038
46048
46049
46052
46226
46233
46236
46245
46253
46258
46272
46278
46297
46307
46330
46340
46347
46359
46368
46371
46373
46381
46382
46384
46385
46387
46392
46393
46399
46402
46406
46414
46415
46448
46455
46466
46467
46471
46473
46478
46484
46490
46495
46505
46511
46593
46596
46603
46606
46608
46610
46612
46614
46616
46618
46622
46626
46628
46633
46635
46637
46642
46643
46644
46650
46653
46658
46679
46685
46691
46701
46756
46840
46842
46851
46861
46896
46984
47000
47014
47019
47021
47026
47039
47068
47073
47079
47101
47103
47219
47230
47233
47234
47236
47278
47279
47301
47322
47324
47325
47335
47337
47338
47341
47352
47387
47395
47400
47431
47446
47448
47450
47464
47551
47573
47623
47634
47644
47657
47672
47687
47697
47712
47721
47778
47779
47781
47783
47794
47797
47798
47803
47808
47811
47813
47814
47815
47816
47819
47829
47831
47837
47841
47842
47846
47848
47849
47882
47883
47886
47891
47904
47907
47912
47915
47932
47937
47947
47965
47967
47977
47989
47991
47998
48005
48013
48017
48021
48023
48027
48108
48124
48138
48144
48166
48167
48172
48173
48174
48177
48179
48185
48202
48233
48235
48271
48275
48374
48385
48396
48419
48426
48445
48491
48526
48561
48574
48593
48603
48617
48626
48631
48645
48651
48673
48741
48761
48768
48786
48792
48796
48798
48805
48809
48812
48842
48846
48857
48870
48872
48886
48894
48896
48901
48903
48906
48911
48918
49028
49058
49093
49099
49108
49110
49111
49112
49116
49118
49122
49125
49127
49131
49134
49135
49136
49137
49139
49141
49144
49146
49148
49150
49156
49157
49160
49163
49166
49178
49180
49183
49184
49185
49187
49255
49268
49279
49292
49296
49299
49309
49313
49316
49328
49335
49338
49339
49342
49345
49371
49380
49384
49395
49433
49453
49454
49458
49466
49468
49473
49474
49475
49476
49506
49513
49514
49516
49519
49547
49553
49595
49599
49642
49644
49651
49653
49655
49659
49682
49739
49761
49768
49787
49799
49810
49840
49845
49858
49867
49879
49880
49895
49898
49900
49906
49915
49927
49929
49930
49943
49944
49947
49948
50034
50078
50087
50093
50163
50187
50188
50189
50192
50196
50205
50240
50250
50258
50264
50270
50274
50282
50316
50344
50352
50365
