287
328
412
1747
1960
1987
2163
2171
2187
2196
2202
2214
2220
2236
2248
2272
2283
2321
2338
2346
2377
2387
2428
2480
2739
2989
3194
3224
3503
3664
3674
3814
3818
3923
3956
4041
4064
4093
4103
4108
4224
4259
4261
4274
4418
4446
4583
4620
4625
4750
4872
4934
4980
4999
5125
5180
5239
5388
5563
5680
5854
5989
6026
6088
6089
6113
6223
6227
6262
6355
6373
6432
6557
6854
6856
6948
6957
6978
6990
7240
7259
7331
7419
7531
7560
7589
7620
7677
7864
7865
7886
7913
7951
8035
8146
8242
8378
8380
8419
8507
8516
8781
8877
9035
9053
9075
9130
9216
9352
9455
9477
9523
9536
9649
9650
9688
9727
9769
9777
9811
9935
10033
10153
10180
10183
10271
10293
10354
10358
10368
10584
10639
10792
10862
11008
11049
11081
11102
11174
11233
11514
11583
11670
11673
11691
11700
11701
11763
11791
11792
11841
11858
11865
11868
12016
12165
12256
12388
