93
347
464
770
1092
1403
2150
2315
2444
2963
3060
3072
3088
3205
3206
3216
3222
3292
3344
3345
3509
3557
3658
3701
3746
3811
3837
3855
3958
4076
4089
4222
4233
4262
4281
4334
4473
4508
4600
4630
4650
4751
4870
4975
5042
5050
5111
5123
5398
5432
5433
5518
5572
5761
5771
5851
5853
5868
5956
5994
6109
6116
6124
6148
6163
6298
6312
6320
6323
6345
6392
6397
6479
6497
6620
6623
6688
6690
6693
6719
6749
6768
6799
6877
6891
6905
6953
6971
7050
7074
7075
7083
7106
7186
7188
7189
7228
7273
7286
7535
7627
7670
7734
7757
7792
7793
7851
7885
7928
8015
8046
8205
8224
8291
8432
8474
8482
8490
8522
8525
8527
8539
8544
8572
8694
8695
8706
8742
8756
8986
9019
9026
9052
9095
9135
9148
9154
9227
9306
9308
9414
9541
9556
9557
9590
9685
9720
9723
9726
9832
9836
9870
10012
10084
10116
10138
10156
10173
10229
10243
10316
10355
10423
10449
10496
10535
10625
10629
10649
10687
10714
10726
10804
10824
10834
10851
10878
10891
10944
10980
11005
11033
11103
11110
11284
11285
11299
11302
11304
11310
11322
11323
11422
11527
11549
11562
11577
11594
11623
11704
11731
11816
11825
11829
11926
11958
12015
12041
12045
12060
12085
12186
12223
12377
12753
12818
12875
