3
8
10
11
20
36
38
58
62
80
98
106
115
119
124
143
155
168
180
192
210
214
215
217
220
223
242
254
262
274
276
278
281
291
311
321
323
354
357
359
361
362
367
369
381
393
396
400
406
413
414
415
416
445
455
456
497
509
514
517
527
529
533
536
542
548
553
554
556
559
570
611
652
655
668
675
682
692
702
715
734
777
780
811
815
832
833
844
845
849
862
870
941
957
968
978
980
985
1001
1004
1009
1016
1024
1040
1043
1049
1053
1057
1058
1064
1088
1094
1099
1100
1101
1104
1107
1135
1137
1139
1151
1153
1154
1157
1171
1173
1196
1216
1218
1231
1239
1242
1286
1287
1292
1307
1309
1318
1325
1326
1359
1364
1382
1393
1396
1408
1420
1424
1430
1458
1469
1476
1480
1483
1492
1498
1509
1514
1516
1522
1527
1552
1570
1600
1603
1616
1625
1629
1644
1652
1654
1669
1675
1684
1698
1702
1705
1708
1725
1728
1736
1750
1757
1759
1763
1773
1785
1792
1795
1800
1808
1816
1817
1820
1851
1866
1874
1877
1881
1885
1919
1927
1935
1955
1969
1981
1996
2000
2003
2009
2012
2026
2041
2044
2052
2056
2061
2064
2071
2080
2086
2090
2099
2105
2106
2108
2117
2119
2123
2124
2141
2145
2149
2156
2175
2178
2185
2223
2229
2230
2234
2237
2241
2251
2255
2262
2269
2293
2303
2310
2316
2317
2327
2348
2353
2359
2360
2366
2376
2382
2390
2403
2415
2417
2434
2446
2447
2470
2473
2476
2483
2495
2504
2521
2525
2527
2539
2548
2560
2622
2630
2643
2648
2664
2677
2709
2761
2767
2779
2788
2789
2808
2814
2824
2836
2860
2864
2865
2904
2907
2921
2939
2949
2950
2951
2953
2966
2968
2990
2996
3005
3007
3029
3043
3050
3073
3085
3092
3101
3102
3107
3115
3120
3139
3141
3143
3220
3238
3240
3241
3257
3258
3259
3260
3261
3262
3265
3352
3367
3368
3381
3394
3395
3404
3425
3432
3439
3440
3441
3464
3482
3502
3520
3521
3541
3562
3596
3608
3659
3660
3668
3686
3687
3688
3691
3692
3693
3722
3724
3741
3753
3772
3773
3774
3775
3776
3795
3830
3836
3850
3863
3887
3916
3951
3952
3954
3987
3990
3992
4007
4010
4044
4090
4107
4180
4187
4202
4205
4207
4208
4209
4225
4231
4240
4242
4247
4252
4254
4256
4268
4303
4308
4331
4336
4337
4342
4360
4373
4374
4375
4382
4383
4384
4385
4386
4387
4389
4391
4412
4419
4421
4428
4449
4463
4487
4503
4504
4524
4533
4535
4556
4557
4570
4589
4590
4591
4592
4593
4594
4601
4622
4623
4624
4626
4627
4658
4667
4674
4682
4706
4724
4729
4733
4734
4736
4762
4763
4764
4765
4780
4815
4817
4822
4859
4871
4900
4916
4919
4977
4984
4997
5016
5034
5043
5044
5045
5046
5074
5076
5083
5112
5124
5126
5153
5154
5164
5194
5202
5203
5204
5208
5234
5236
5245
5266
5267
5302
5313
5336
5347
5358
5359
5365
5369
5370
5377
5378
5387
5412
5421
5431
5435
5436
5439
5452
5467
5471
5473
5474
5475
5484
5490
5491
5494
5513
5516
5529
5549
5559
5570
5571
5585
5625
5629
5632
5651
5652
5690
5696
5698
5701
5704
5722
5729
5740
5753
5790
5800
5801
5802
5803
5804
5806
5808
5809
5813
5824
5825
5826
5827
5835
5880
5884
5887
5904
5918
5930
5936
5944
5991
5993
5998
6007
6013
6017
6029
6031
6032
6035
6037
6042
6047
6048
6049
6050
6051
6052
6114
6135
6139
6203
6208
6209
6222
6230
6233
6247
6252
6259
6271
6293
6295
6318
6325
6327
6328
6329
6330
6331
6348
6357
6359
6360
6363
6431
6437
6441
6443
6451
6478
6483
6496
6546
6547
6553
6555
6556
6561
6566
6595
6610
6619
6648
6656
6658
6674
6675
6683
6684
6685
6689
6710
6716
6735
6738
6740
6741
6750
6758
6769
6773
6781
6800
6823
6864
6865
6899
6902
6907
6920
6929
6933
6936
6944
6985
6986
7010
7011
7012
7015
7016
7036
7045
7054
7065
7066
7069
7070
7093
7095
7097
7098
7117
7123
7136
7145
7150
7152
7157
7174
7178
7205
7213
7237
7251
7270
7302
7303
7305
7307
7313
7323
7349
7352
7355
7365
7389
7391
7392
7393
7399
7403
7440
7451
7510
7511
7518
7524
7543
7557
7567
7588
7601
7609
7614
7625
7628
7652
7685
7691
7701
7708
7722
7724
7727
7736
7740
7748
7770
7772
7773
7780
7784
7796
7802
7804
7805
7806
7807
7808
7810
7827
7828
7833
7846
7856
7867
7876
7877
7878
7902
7904
7911
7912
7916
7918
7919
7926
7930
7938
7939
8001
8028
8029
8047
8077
8079
8091
8100
8116
8117
8128
8135
8139
8141
8142
8143
8149
8161
8162
8167
8172
8223
8230
8232
8233
8234
8236
8263
8265
8266
8267
8281
8284
8286
8304
8311
8327
8334
8336
8337
8338
8340
8346
8352
8398
8407
8410
8411
8412
8414
8418
8421
8425
8452
8458
8476
8477
8480
8481
8483
8484
8499
8520
8521
8546
8550
8552
8554
8573
8580
8582
8603
8607
8609
8613
8616
8638
8651
8656
8684
8687
8715
8717
8722
8727
8739
8741
8747
8749
8765
8784
8785
8798
8806
8835
8836
8850
8859
8861
8874
8875
8876
8893
8925
8929
8957
8958
8959
9003
9027
9058
9060
9082
9097
9098
9120
9136
9158
9198
9214
9251
9253
9255
9256
9263
9268
9271
9272
9274
9275
9276
9277
9303
9323
9326
9327
9330
9333
9334
9335
9344
9360
9367
9371
9372
9389
9417
9421
9428
9435
9467
9476
9480
9484
9488
9489
9490
9512
9530
9584
9585
9633
9663
9676
9709
9732
9738
9739
9740
9741
9742
9743
9746
9749
9757
9762
9782
9797
9799
9810
9819
9820
9821
9822
9823
9851
9857
9866
9867
9881
9904
9905
9943
9983
9985
9986
9988
9994
9995
9996
10000
10006
10007
10048
10094
10095
10096
10112
10129
10135
10137
10139
10140
10145
10146
10147
10164
10212
10215
10261
10277
10319
10386
10398
10399
10402
10424
10428
10431
10432
10437
10438
10442
10475
10481
10482
10484
10490
10498
10499
10500
10642
10643
10644
10650
10653
10657
10668
10680
10727
10732
10737
10742
10743
10763
10768
10769
10771
10776
10777
10785
10808
10810
10811
10812
10856
10857
10874
10892
10934
10935
10939
10940
10943
10956
10961
10962
10963
10964
10965
10985
10997
11010
11012
11013
11014
11020
11023
11030
11036
11039
11059
11060
11062
11074
11082
11084
11098
11104
11105
11116
11119
11147
11184
11201
11202
11212
11244
11265
11267
11282
11306
11334
11341
11359
11371
11372
11374
11426
11442
11469
11486
11490
11491
11492
11493
11494
11495
11496
11570
11574
11605
11611
11616
11617
11618
11619
11626
11636
11637
11648
11656
11658
11672
11716
11725
11745
11746
11747
11761
11772
11774
11780
11781
11787
11793
11800
11801
11804
11811
11813
11828
11839
11846
11849
11850
11866
11885
11896
11937
11938
11946
11954
11959
11962
11973
11982
11983
11987
11994
12025
12026
12027
12040
12057
12066
12077
12102
12132
12135
12137
12172
12180
12189
12211
12235
12257
12280
12289
12305
12310
12338
12348
12349
12352
12357
12368
12370
12373
12374
12411
12414
12431
12441
12496
12527
12539
12540
12570
12583
12606
12619
12624
12627
12630
12634
12638
12640
12645
12649
12663
12677
12679
12707
12709
12721
12738
12739
12752
12761
12772
12787
12789
12828
12832
12874
12877
12900
12911
12920
12922
12924
12931
12934
12936
12947
12959
12973
12982
12984
13010
13033
13046
13060
13064
