20
58
214
220
254
445
553
652
668
682
844
941
1001
1101
1292
1570
1625
1750
2071
2141
2348
2788
2907
3220
3367
3368
3774
3830
3992
4107
4268
4336
4385
4391
4487
4623
4658
4667
4817
4984
4997
5126
5202
5267
5365
5494
5696
5887
6047
6139
6689
6823
6902
6986
7010
7045
7065
7237
7305
7349
7391
7609
7628
7802
7805
7911
7912
7938
8028
8047
8232
8281
8284
8286
8327
8338
8346
8410
8458
8546
8582
8687
8717
8785
8957
9120
9372
9633
9739
9986
10137
10402
10482
10768
10811
10812
10874
10965
11036
11104
11637
11747
11804
12102
12172
12374
12709
12877
12934
