26
27
37
61
62
74
75
92
98
99
101
102
103
104
105
106
107
108
109
110
111
112
113
114
115
116
117
125
133
135
136
138
153
158
160
164
169
228
229
230
232
233
234
235
240
241
242
243
264
309
311
312
313
315
316
317
318
319
320
321
322
323
325
326
327
330
333
335
336
338
339
340
341
342
343
344
359
360
361
362
381
416
420
422
423
424
425
426
427
428
429
430
437
455
505
507
508
509
511
563
570
573
574
575
576
577
578
580
581
582
583
584
585
587
591
592
593
594
595
596
598
599
600
610
620
621
675
676
688
689
691
692
693
694
695
701
702
704
717
718
720
721
723
725
726
728
730
732
733
734
736
737
738
745
750
754
774
789
790
791
794
796
797
798
800
801
802
803
804
806
826
832
835
836
837
838
839
840
841
842
843
844
845
846
847
852
853
854
858
859
860
861
885
970
971
976
978
981
983
984
986
987
990
991
992
993
995
997
998
1000
1002
1003
1008
1010
1025
1030
1060
1082
1088
1089
1090
1091
1092
1093
1094
1101
1102
1104
1145
1146
1147
1148
1149
1150
1151
1152
1153
1154
1155
1157
1158
1171
1172
1174
1193
1198
1199
1201
1202
1203
1207
1210
1211
1212
1213
1217
1218
1219
1221
1251
1252
1253
1254
1255
1256
1257
1258
1260
1261
1262
1263
1265
1266
1267
1268
1269
1270
1271
1272
1273
1274
1275
1280
1284
1285
1287
1289
1292
1295
1296
1297
1300
1301
1302
1303
1305
1320
1331
1334
1341
1343
1345
1346
1347
1348
1349
1350
1351
1352
1353
1359
1360
1364
1365
1366
1367
1368
1379
1390
1391
1398
1404
1429
1437
1438
1444
1447
1456
1543
1577
1655
1742
1744
1793
1802
1832
1839
1842
1845
1854
1856
1925
1926
1928
1930
1939
1940
1941
1946
1948
1949
1950
1951
1952
1953
1954
1955
1956
1957
1958
1959
1961
1962
1963
1964
1965
1992
1993
2054
2066
2071
2075
2082
2090
2099
2105
2106
2107
2115
2118
2123
2126
2137
2151
2157
2190
2204
2220
2252
2271
2344
2360
2381
2394
2443
2563
2573
2576
2602
2658
2679
2715
2758
2760
2761
2762
2775
2778
2779
2797
2815
2818
2827
2842
2843
2845
2846
2848
2849
2850
2854
2857
2860
2861
2865
2878
2879
2915
2916
2917
2922
2935
2978
2985
3020
3033
3037
3050
3077
3106
3127
3132
3146
3158
3196
3270
3273
3285
3286
3291
3311
3317
3411
3422
3430
3433
3458
3460
3465
3480
3507
3508
3567
3569
3570
3584
3602
3608
3612
3613
3617
3655
3660
3731
3742
3760
3761
3770
3801
3824
3850
3867
3873
3881
3893
3901
3929
3979
3980
4004
4015
4024
4068
4077
4078
4079
4111
4135
4147
4169
4189
4219
4226
4227
4228
4229
4230
4231
4232
4233
4234
4249
4300
4302
4308
4313
4314
4315
4325
4347
4365
4367
4386
4389
4398
4402
4403
4404
4418
4435
4485
4486
4489
4490
4493
4499
4520
4521
4534
4548
4578
4581
4639
4640
4641
4648
4649
4650
4651
4652
4653
4654
4655
4656
4658
4663
4664
4665
4667
4669
4671
4674
4676
4678
4679
4680
4681
4682
4683
4684
4685
4686
4687
4688
4689
4690
4691
4692
4693
4694
4695
4696
4697
4698
4699
4707
4708
4709
4710
4775
4818
4820
4821
4822
4823
4824
4828
4829
4830
4831
4840
4851
4853
4854
4855
4856
4857
4858
4859
4861
4862
4863
4864
4865
4866
4869
4870
4871
4872
4873
4874
4875
4876
4917
4918
4921
4922
4923
4924
4925
4926
4928
4929
4930
4931
4932
4933
4934
4936
4937
4942
4956
4959
4964
4965
4968
4975
4976
4996
4999
5006
5007
5009
5010
5012
5015
5020
5024
5028
5036
5037
5071
5079
5085
5091
5099
5100
5101
5105
5112
5114
5115
5116
5119
5123
5146
5147
5148
5149
5150
5153
5181
5184
5187
5204
5205
5208
5219
5222
5315
5338
5374
5414
5430
5443
5454
5461
5478
5498
5509
5556
5558
5566
5572
5586
5605
5608
5611
5613
5624
5625
5626
5629
5630
5631
5633
5634
5635
5636
5637
5638
5639
5640
5641
5661
5678
5681
5685
5688
5721
5723
5725
5726
5727
5729
5730
5733
5735
5738
5739
5750
5751
5752
5753
5754
5755
5756
5757
5758
5759
5760
5761
5762
5763
5764
5765
5766
5767
5768
5769
5770
5771
5773
5781
5782
5783
5785
5791
5811
5834
5858
5907
5910
5917
5919
5930
5931
5933
5940
5952
6065
6095
6127
6143
6181
6274
6275
6277
6279
6280
6286
6293
6319
6325
6328
6347
6349
6351
6352
6355
6390
6391
6395
6415
6424
6425
6426
6427
6428
6432
6433
6457
6458
6477
6478
6479
6482
6484
6491
6494
6495
6496
6505
6506
6507
6527
6528
6542
6543
6547
6548
6577
6591
6595
6597
6598
6603
6607
6616
6621
6622
6635
6637
6640
6648
6654
6670
6680
6702
6703
6719
6720
6721
6724
6735
6737
6741
6747
6750
6798
6801
6805
6810
6814
6821
6827
6831
6832
6846
6873
6877
6905
6942
6955
6961
6969
6992
7008
7009
7012
7013
7014
7015
7016
7033
7040
7042
7046
7106
7114
7117
7125
7126
7174
7208
7209
7216
7217
7231
7237
7240
7244
7273
7274
7305
7306
7309
7311
7315
7316
7320
7341
7342
7344
7349
7357
7358
7377
7386
7392
7393
7394
7395
7398
7401
7402
7403
7404
7405
7406
7407
7408
7409
7413
7414
7418
7419
7420
7421
7423
7424
7425
7449
7456
7457
7459
7468
7481
7483
7484
7515
7526
7528
7533
7534
7537
7552
7558
7562
7580
7608
7617
7628
7633
7648
7650
7651
7659
7665
7666
7667
7672
7676
7681
7682
7683
7685
7687
7692
7698
7699
7702
7703
7705
7706
7707
7708
7711
7714
7723
7724
7729
7730
7732
7733
7734
7745
7753
7754
7783
7796
7831
7886
7888
7889
7897
7898
7899
7943
7944
7970
7974
8003
8014
8026
8064
8087
8091
8104
8105
8106
8113
8144
8149
8150
8155
8157
8168
8169
8175
8178
8181
8198
8213
8252
8260
8261
8262
8263
8274
8279
8282
8290
8328
8336
8337
8365
8385
8404
8405
8438
8476
8523
8531
8535
8538
8542
8567
8600
8603
8607
8610
8628
8629
8641
8647
8654
8665
8668
8670
8676
8679
8685
8706
8711
8712
8723
8735
8742
8744
8869
8872
8885
8900
8901
8987
8988
9005
9014
9015
9039
9070
9073
9074
9075
9076
9077
9078
9079
9080
9082
9093
9098
9099
9101
9107
9114
9120
9124
9135
9156
9158
9208
9211
9226
9227
9228
9229
9230
9231
9232
9240
9258
9280
9295
9297
9318
9322
9362
9380
9386
9388
9403
9405
9446
9450
9457
9459
9463
9464
9466
9468
9469
9471
9472
9478
9482
9484
9488
9491
9494
9496
9501
9519
9524
9546
9547
9570
9590
9596
9597
9599
9603
9614
9633
9643
9652
9655
9656
9657
9658
9659
9660
9661
9662
9667
9684
9688
9690
9693
9697
9700
9701
9705
9708
9709
9710
9714
9718
9719
9720
9721
9722
9724
9725
9727
9728
9730
9732
9733
9734
9735
9736
9740
9744
9745
9746
9747
9762
9778
9779
9781
9784
9792
9793
9794
9796
9797
9798
9799
9801
9819
9820
9823
9834
9835
9855
9866
9868
9869
9874
9875
9877
9880
9885
9886
9896
9901
9902
9903
9904
9908
9928
9942
10030
10044
10160
10167
10223
10232
10233
10268
10269
10272
10290
10315
10342
10345
10351
10354
10362
10367
10384
10395
10398
10419
10442
10443
10453
10465
10481
10524
10540
10544
10564
10582
10585
10599
10635
10637
10638
10639
10649
10650
10651
10655
10656
10657
10658
10668
10683
10695
10706
10718
10725
10728
10729
10730
10733
10734
10740
10753
10758
10787
10798
10805
10826
10827
10836
10838
10839
10840
10845
10852
10853
10856
10858
10859
10864
10879
10889
10892
10906
10933
10961
10964
10965
10966
10977
10992
10994
10995
10996
10997
10998
11001
11002
11003
11004
11006
11007
11009
11016
11033
11043
11045
11046
11047
11048
11051
11052
11053
11054
11055
11058
11059
11060
11061
11062
11063
11064
11065
11066
11067
11068
11069
11070
11071
11076
11082
11083
11085
11086
11088
11091
11092
11094
11097
11098
11099
11100
11101
11104
11115
11116
11117
11118
11124
11129
11140
11141
11142
11156
11158
11162
11164
11165
11166
11167
11169
11171
11172
11174
11175
11177
11178
11179
11180
11181
11182
11183
11184
11185
11186
11187
11188
11189
11190
11191
11192
11193
11194
11196
11197
11199
11200
11201
11202
11203
11204
11205
11206
11207
11209
11210
11211
11213
11214
11216
11217
11230
11244
11248
11249
11252
11253
11254
11276
11277
11328
11329
11351
11359
11377
11381
11439
11457
11458
11466
11472
11479
11485
11492
11493
11510
11511
11515
11516
11521
11522
11554
11558
11560
11561
11562
11564
11568
11576
11587
11671
11675
11719
11742
11744
11768
11770
11771
11781
11783
11784
11785
11787
11790
11796
11805
11813
11825
11831
11874
11889
11913
11916
11936
11937
11949
11952
11953
11998
12029
12031
12037
12040
12044
12062
12064
12073
12076
12077
12078
12079
12114
12121
12144
12158
12159
12164
12172
12175
12185
12186
12191
12193
12198
12217
12233
12243
12256
12261
12264
12267
12279
12280
12287
12316
12326
12327
12350
12359
12360
12362
12363
12365
12377
12412
12430
12439
12458
12473
12487
12499
12500
12504
12505
12507
12509
12510
12512
12514
12515
12516
12517
12518
12519
12520
12521
12522
12524
12525
12526
12527
12528
12533
12546
12568
12593
12618
12619
12623
12629
12665
12682
12683
12695
12696
12701
12708
12709
12715
12720
12725
12731
12737
12758
12776
12777
12778
12779
12780
12781
12782
12783
12784
12785
12786
12787
12788
12789
12791
12817
12818
12831
12832
12838
12839
12842
12857
12859
12860
12861
12862
12863
12864
12865
12866
12867
12868
12869
12872
12873
12874
12875
12876
12877
12878
12879
12881
12882
12883
12885
12886
12887
12888
12889
12890
12891
12892
12893
12895
12898
12899
12901
12904
12905
12906
12907
12909
12910
12911
12912
12913
12914
12915
12916
12917
12918
12919
12920
12921
12922
12923
12929
12961
12962
12963
12968
12983
12994
12997
13004
13010
13017
13019
13020
13022
13026
13062
13063
13064
13065
13067
13068
13069
13072
13073
13074
13075
13076
13078
13079
13080
13081
13084
13085
13086
13087
13088
13090
13091
13092
13093
13094
13095
13096
13097
13098
13099
13100
13101
13102
13103
13104
13105
13106
13107
13108
13112
13113
13116
13117
13119
13120
13121
13122
13123
13125
13126
13127
13129
13132
13133
13134
13135
13136
13137
13138
13139
13142
13143
13144
13145
13146
13171
13226
13235
13238
13239
13240
13253
13254
13255
13260
13317
13336
13338
13343
13351
13379
13382
13417
13429
13431
13433
13434
13435
13436
13437
13438
13474
13476
13490
13493
13510
13517
13520
13524
13528
13532
13535
13585
13589
13593
13594
13634
13647
13650
13651
13659
13660
13670
13676
13698
13699
13700
13701
13702
13703
13709
13725
13726
13727
13733
13769
13801
13815
13826
13828
13834
13838
13843
13861
13862
13863
13893
13894
13895
13896
13897
13898
13899
13900
13905
13906
13907
13908
13909
13914
13928
13929
13930
13932
13934
13935
13936
13938
13940
13941
13942
13943
13951
13967
13968
13969
13970
13971
13987
13988
13996
13997
14001
14002
14017
14026
14028
14034
14039
14042
14043
14044
14045
14046
14047
14051
14057
14061
14067
14089
14109
14115
14116
14117
14127
14133
14136
14143
14156
14181
14186
14328
14329
14391
14393
14394
14463
14515
14520
14521
14574
14578
14582
14616
14622
14625
14627
14629
14630
14634
14635
14637
14638
14640
14646
14651
14653
14666
14701
14705
14707
14723
14727
14741
14743
14744
14756
14757
14765
14774
14785
14786
14793
14795
14797
14801
14802
14803
14804
14805
14806
14807
14810
14811
14812
14813
14815
14816
14817
14818
14820
14821
14822
14824
14826
14827
14828
14832
14834
14835
14836
14838
14845
14846
14847
14848
14849
14850
14851
14852
14854
14855
14857
14859
14860
14865
14869
14870
14872
14873
14876
14877
14878
14879
14882
14897
14925
14926
14929
14932
14937
14951
14952
14953
14954
14955
14957
14959
14962
14963
14964
15073
15076
15077
15079
15080
15081
15082
15083
15084
15085
15086
15088
15091
15092
15095
15096
15097
15098
15099
15100
15102
15103
15104
15106
15107
15110
15126
15137
15163
15165
15179
15180
15181
15182
15185
15186
15187
15188
15191
15192
15194
15195
15196
15197
15198
15199
15200
15201
15203
15204
15206
15207
15209
15211
15212
15213
15214
15215
15216
15217
15218
15219
15223
15237
15263
15267
15268
15269
15270
15271
15272
15273
15274
15275
15276
15283
15284
15285
15288
15291
15296
15297
15298
15299
15300
15301
15311
15314
15317
15320
15326
15328
15336
15340
15358
15386
15396
15401
15411
15412
15413
15414
15429
15437
15447
15449
15450
15452
15454
15456
15457
15490
15500
15529
15532
15536
15538
15539
15540
15545
15564
15581
15582
15602
15618
15619
15622
15642
15653
15660
15697
15713
15718
15720
15736
15789
15799
15802
15804
15834
15888
15904
15912
15975
15976
15980
15985
15997
16001
16015
16050
16054
16065
16078
16083
16084
16085
16086
16089
16090
16091
16092
16093
16094
16095
16096
16097
16104
16105
16106
16107
16108
16109
16110
16111
16112
16113
16128
16207
16217
16221
16237
16308
16310
16313
16318
16319
16328
16329
16352
16365
16422
16442
16488
16490
16491
16492
16493
16494
16495
16497
16514
16517
16533
16534
16575
16577
16579
16581
16584
16585
16587
16588
16589
16594
16595
16596
16598
16599
16600
16604
16606
16631
16640
16655
16656
16669
16670
16708
16724
16726
16729
16813
16821
16823
16824
16827
16830
16844
16850
16857
16859
16873
16879
16907
16923
16933
17001
17025
17046
17067
17091
17097
17104
17105
17168
17183
17195
17199
17219
17220
17232
17296
17297
17300
17306
17307
17308
17309
17315
17322
17326
17329
17330
17332
17343
17390
17392
17416
17417
17442
17443
17445
17454
17482
17484
17495
17517
17521
17556
17573
17586
17589
17608
17609
17612
17614
17630
17631
17632
17636
17638
17642
17653
17654
17655
17656
17657
17658
17659
17660
17661
17663
17664
17665
17666
17667
17668
17669
17670
17671
17672
17673
17674
17675
17677
17678
17679
17681
17682
17702
17720
17726
17737
17773
17789
17790
17792
17793
17794
17795
17796
17797
17798
17799
17800
17801
17803
17804
17808
17815
17816
17818
17819
17821
17822
17824
17825
17877
17888
17891
17892
17894
17895
17897
17899
17900
17901
17904
17905
17908
17909
17910
17911
17914
17918
17919
17920
17922
17929
17930
17947
17949
17950
17954
17956
17958
17959
17961
17967
18003
18004
18005
18007
18008
18010
18011
18012
18013
18018
18019
18022
18023
18030
18031
18032
18033
18034
18035
18036
18046
18049
18070
18116
18153
18156
18160
18162
18163
18164
18165
18166
18167
18168
18170
18179
18183
18201
18220
18221
18260
18261
18262
18273
18286
18304
18308
18314
18332
18333
18335
18392
18398
18419
18421
18423
18424
18425
18427
18430
18436
18439
18440
18528
18529
18532
18534
18542
18545
18548
18559
18667
18670
18671
18672
18688
18689
18690
18691
18695
18699
18736
18768
18799
18803
18804
18808
18809
18810
18811
18812
18813
18827
18833
18845
18883
18884
18885
18976
18979
18980
18998
19000
19003
19008
19009
19010
19011
19021
19022
19023
19024
19067
19068
19096
19100
19125
19126
19127
19128
19129
19130
19131
19132
19134
19135
19184
19188
19224
19242
19243
19249
19250
19251
19252
19253
19264
19273
19324
19363
19384
19385
19436
19451
19461
19462
19463
19464
19466
19486
19504
19505
19506
19507
19508
19509
19512
19514
19515
19516
19517
19518
19522
19523
19525
19528
19529
19530
19531
19532
19533
19534
19535
19536
19537
19538
19539
19540
19541
19542
19543
19544
19545
19546
19547
19548
19549
19550
19551
19552
19553
19554
19555
19556
19557
19559
19561
19562
19563
19564
19565
19567
19570
19571
19604
19617
19633
19635
19642
19643
19644
19650
19651
19652
19654
19655
19656
19657
19658
19659
19660
19661
19662
19663
19664
19665
19666
19667
19668
19670
19672
19673
19675
19677
19678
19680
19681
19682
19691
19692
19693
19694
19697
19700
19702
19703
19704
19706
19707
19708
19709
19710
19711
19712
19719
19720
19721
19728
19730
19731
19732
19733
19734
19735
19736
19737
19738
19739
19740
19741
19742
19743
19744
19745
19746
19747
19748
19750
19751
19752
19755
19756
19757
19759
19770
19795
19796
19800
19809
19846
19847
19848
19861
19864
19865
19882
19884
19904
19906
19910
19915
19917
19943
19945
19946
19955
19961
19973
19994
20004
20005
20035
20071
20076
20103
20105
20116
20124
20125
20138
20142
20145
20150
20151
20153
20154
20161
20178
20188
20205
20209
20230
20235
20254
20257
20283
20284
20297
20305
20332
20340
20364
20366
20367
20369
20371
20372
20373
20374
20375
20376
20377
20378
20379
20381
20382
20384
20385
20386
20390
20397
20398
20411
20426
20427
20443
20444
20445
20446
20448
20474
20476
20479
20506
20518
20537
20543
20544
20546
20548
20550
20568
20569
20570
20587
20604
20605
20608
20615
20616
20617
20618
20619
20620
20621
20622
20623
20624
20625
20626
20650
20651
20652
20653
20669
20765
20766
20820
20822
20824
20832
20835
20849
20850
20851
20852
20853
20854
20855
20857
20877
20878
20895
20896
20897
20903
20907
20908
20910
20927
21026
21031
21046
21049
21050
21052
21053
21054
21081
21136
21140
21143
21148
21158
21164
21188
21190
21211
21215
21220
21225
21249
21253
21254
21306
21334
21344
21380
21483
21514
21517
21523
21531
21563
21623
21653
21656
21668
21706
21711
21717
21770
21777
21778
21779
21780
21781
21782
21783
21784
21785
21786
21787
21788
21789
21798
21802
21806
21810
21811
21826
21827
21837
21848
21870
21871
21872
21873
21879
21894
21895
21897
21898
21904
21909
21917
21918
21919
21920
21921
21922
21923
21924
21930
21932
21934
21935
21936
21951
21952
21961
21980
21985
21986
21987
21988
21989
21997
21999
22001
22011
22012
22018
22020
22021
22025
22046
22107
22109
22114
22117
22118
22119
22120
22125
22126
22141
22142
22143
22145
22154
22155
22157
22162
22175
22185
22186
22207
22208
22211
22215
22218
22223
22226
22229
22238
22249
22272
22273
22277
22280
22338
22355
22356
22358
22359
22364
22372
22399
22402
22405
22416
22417
22433
22445
22448
22477
22492
22506
22531
22545
22565
22600
22629
22633
22636
22641
22673
22684
22740
22809
22855
22860
