13
77
78
116
120
159
238
239
257
267
453
512
584
612
660
694
711
764
774
790
867
900
907
928
1030
1091
1145
1146
1228
1296
1381
1414
1544
1577
1599
1602
1634
1681
1783
1838
1871
1965
2048
2050
2055
2060
2069
2085
2096
2097
2103
2104
2109
2115
2116
2118
2125
2127
2133
2135
2137
2139
2164
2173
2186
2209
2240
2279
2289
2298
2326
2330
2339
2375
2381
2386
2439
2462
2509
2585
2713
2744
2909
3031
3036
3076
3077
3078
3079
3081
3084
3099
3112
3130
3160
3161
3164
3169
3185
3192
3215
3217
3232
3274
3276
3283
3295
3320
3331
3333
3388
3390
3391
3434
3435
3447
3452
3466
3480
3490
3491
3574
3575
3600
3607
3611
3621
3627
3629
3630
3632
3638
3665
3675
3679
3689
3714
3719
3764
3765
3766
3781
3799
3840
3859
3865
3894
3912
3924
3926
3938
3947
3979
3981
3982
4025
4029
4032
4036
4046
4062
4077
4078
4079
4086
4094
4097
4098
4112
4129
4139
4152
4167
4173
4188
4195
4243
4250
4278
4279
4280
4282
4287
4289
4290
4292
4322
4323
4326
4328
4357
4361
4416
4425
4426
4429
4475
4490
4509
4514
4526
4537
4546
4562
4563
4569
4575
4577
4618
4671
4673
4686
4693
4711
4723
4744
4752
4753
4754
4772
4808
4809
4823
4825
4828
4841
4866
4929
4956
4959
4970
4994
5040
5047
5048
5054
5055
5061
5071
5078
5089
5093
5095
5104
5122
5140
5141
5147
5160
5162
5173
5174
5181
5200
5240
5257
5280
5293
5294
5299
5301
5305
5312
5314
5340
5342
5362
5363
5371
5382
5384
5423
5430
5437
5438
5446
5464
5469
5478
5487
5527
5528
5538
5557
5561
5592
5594
5598
5602
5626
5627
5644
5670
5678
5686
5692
5694
5717
5723
5726
5733
5734
5749
5756
5767
5807
5816
5821
5836
5850
5856
5870
5871
5882
5895
5932
5934
5955
5965
5968
5986
6018
6019
6020
6034
6041
6068
6085
6100
6102
6106
6111
6117
6118
6119
6120
6130
6131
6138
6144
6155
6218
6219
6229
6239
6260
6261
6263
6273
6334
6336
6337
6353
6374
6386
6389
6407
6409
6415
6419
6420
6421
6426
6433
6453
6454
6455
6458
6467
6487
6514
6515
6527
6543
6558
6559
6572
6573
6575
6601
6614
6629
6632
6641
6645
6652
6692
6699
6701
6707
6744
6756
6772
6775
6790
6814
6816
6831
6835
6866
6876
6880
6882
6889
6890
6893
6926
6942
6945
6949
6972
6973
6974
6981
6983
6988
6998
7002
7042
7048
7090
7091
7105
7108
7109
7125
7133
7176
7179
7185
7215
7217
7221
7222
7239
7244
7264
7271
7276
7320
7326
7358
7359
7430
7481
7485
7498
7503
7504
7509
7521
7542
7549
7553
7556
7562
7582
7586
7594
7596
7615
7617
7622
7626
7630
7640
7651
7654
7659
7690
7712
7716
7718
7760
7785
7798
7830
7837
7859
7868
7875
7908
7909
7962
7971
7974
7988
7991
7998
8000
8004
8007
8022
8031
8036
8040
8045
8048
8050
8052
8056
8058
8061
8085
8098
8120
8124
8133
8144
8178
8180
8181
8182
8186
8188
8197
8211
8217
8219
8231
8235
8288
8294
8295
8301
8307
8314
8315
8320
8343
8348
8354
8365
8366
8385
8427
8429
8430
8436
8450
8486
8488
8500
8510
8512
8567
8585
8612
8615
8622
8628
8631
8640
8666
8668
8689
8698
8723
8730
8737
8758
8759
8792
8802
8817
8822
8831
8832
8834
8839
8841
8842
8849
8854
8866
8869
8879
8889
8907
8909
8910
8913
8917
8934
8942
8944
8951
8967
8970
8972
8978
9009
9011
9013
9117
9122
9146
9147
9209
9245
9248
9262
9288
9296
9297
9305
9316
9320
9325
9338
9363
9391
9399
9402
9403
9404
9408
9456
9469
9470
9531
9532
9539
9545
9550
9555
9560
9592
9596
9639
9640
9641
9651
9653
9654
9662
9692
9696
9706
9715
9716
9718
9748
9759
9761
9763
9770
9779
9805
9826
9842
9849
9850
9861
9865
9886
9930
9948
9959
9964
9970
10008
10009
10014
10023
10024
10037
10042
10049
10051
10060
10063
10081
10082
10092
10093
10107
10109
10114
10128
10161
10168
10214
10224
10241
10255
10256
10260
10262
10265
10276
10281
10282
10298
10301
10305
10306
10309
10328
10331
10364
10365
10372
10374
10382
10389
10409
10412
10418
10421
10425
10429
10450
10456
10507
10510
10519
10527
10528
10539
10542
10549
10573
10577
10586
10588
10597
10611
10619
10624
10630
10634
10651
10660
10683
10693
10709
10710
10728
10730
10754
10760
10764
10765
10766
10774
10790
10794
10799
10801
10815
10819
10833
10846
10848
10854
10855
10859
10867
10868
10879
10890
10896
10899
10903
10904
10937
10952
10983
10984
10986
10996
11038
11040
11053
11054
11057
11078
11086
11101
11106
11129
11152
11166
11169
11182
11191
11200
11215
11229
11259
11268
11279
11281
11283
11290
11296
11308
11318
11328
11340
11351
11358
11366
11376
11386
11392
11404
11405
11407
11409
11419
11432
11439
11454
11465
11499
11511
11516
11543
11557
11560
11567
11590
11599
11600
11610
11621
11624
11675
11687
11688
11692
11695
11708
11717
11727
11732
11735
11750
11754
11755
11779
11785
11789
11799
11823
11835
11838
11862
11863
11897
11899
11901
11902
11911
11922
11977
11986
11991
11997
11998
11999
12005
12024
12034
12038
12072
12083
12089
12100
12103
12106
12109
12114
12116
12117
12133
12136
12140
12146
12159
12160
12163
12175
12176
12209
12219
12220
12240
12250
12251
12261
12277
12322
12333
12356
12364
12367
12385
12392
12413
12416
12418
12432
12446
12447
12452
12459
12466
12470
12471
12472
12474
12475
12483
12515
12516
12551
12556
12578
12594
12603
12637
12654
12793
12808
12817
12823
12892
12896
12903
12905
12913
12944
13078
