640
1589
1613
3087
3142
3196
3208
3239
3412
3454
3570
3599
3780
3788
3815
3955
4016
4034
4087
4248
4666
4824
4834
4877
4983
5296
5319
5332
5352
5411
5520
5542
5576
5583
5612
5780
5789
5845
5875
5878
5914
5931
6057
6115
6134
6398
6436
6580
6777
6780
6837
6979
7013
7096
7163
7383
7404
7408
7428
7438
7664
7817
7861
7879
7905
8114
8130
8131
8303
8350
8402
8403
8646
8846
8930
9150
9238
9282
9301
9419
9478
9506
9586
9778
9875
9969
10064
10069
10087
10308
10471
10472
10494
10622
10738
10841
10888
10889
10894
10913
11218
11280
11320
11444
11455
11483
11521
11533
11585
11693
11726
11758
11778
11941
11951
12091
12262
12265
12355
12359
12360
12383
12384
12574
13003
