23
131
209
253
355
376
377
486
488
523
531
552
721
748
784
791
818
1025
1102
1205
1281
1329
1482
1656
1680
1688
1709
1717
1746
1813
1837
1861
1862
1887
1888
1957
2098
2130
2189
2198
2242
2324
2335
2404
2420
2489
2491
2517
2526
2542
2556
2578
2631
2637
2650
2656
2682
2868
2891
3003
3048
3070
3083
3093
3293
3328
3347
3350
3403
3450
3522
3610
3676
3694
3777
3831
3860
3881
3891
3957
4037
4073
4088
4111
4130
4140
4166
4183
4185
4271
4305
4352
4380
4474
4512
4555
4631
4843
4854
4878
4906
5057
5091
5117
5158
5247
5334
5515
5519
5531
5552
5578
5775
5795
5798
5916
6004
6008
6012
6039
6147
6175
6188
6280
6319
6491
6512
6633
6655
6708
6836
6855
6886
6908
7076
7082
7086
7107
7141
7194
7219
7238
7260
7327
7328
7347
7422
7431
7592
7599
7700
7758
7768
7791
7818
7844
7845
7854
7866
7870
7970
8057
8227
8250
8262
8270
8331
8359
8415
8434
8502
8524
8551
8557
8648
8672
8844
8873
8949
8997
9029
9096
9155
9156
9180
9204
9211
9221
9226
9264
9266
9368
9393
9400
9515
9516
9525
9559
9567
9613
9629
9725
9744
9874
9936
9984
10003
10198
10254
10312
10339
10413
10445
10552
10564
10640
10684
10731
10795
10840
10852
10967
11027
11034
11128
11146
11185
11195
11196
11321
11332
11382
11482
11500
11501
11578
11579
11592
11659
11721
11722
11773
11871
11906
11933
12069
12155
12241
12276
12336
12339
12358
12479
12526
12535
12538
12543
12552
12573
12577
12582
12588
12597
12600
12800
12824
12910
