56
57
63
152
181
330
344
347
504
547
553
557
558
559
562
563
565
566
569
593
614
632
653
747
834
867
898
963
964
976
988
1001
1011
1012
1013
1018
1028
1031
1074
1078
1081
1082
1083
1102
1104
1113
1125
1128
1140
1148
1211
1219
1235
1239
1241
1251
1254
1256
1262
1321
1325
1326
1329
1348
1432
1490
1565
1578
1601
1637
1658
1664
1682
1688
1724
1733
1745
1766
1786
1799
1847
1851
1950
1959
1962
1972
2253
2256
2260
2264
2268
2272
2275
2278
2281
2284
2287
2291
2295
2299
2303
2307
2311
2315
2319
2323
2327
2331
2335
2339
2543
2573
2690
2701
2710
2717
2728
2767
2779
2833
2841
2843
2848
2972
2975
2978
2983
2989
2993
2998
3002
3006
3009
3013
3018
3022
3026
3030
3034
3038
3042
3046
3049
3053
3057
3061
3065
3069
3073
3077
3081
3085
3089
3093
3097
3143
3155
3162
3176
3281
3290
3326
3330
3331
3334
3349
3351
3355
3363
3365
3369
3370
3379
3382
3394
3405
3527
3599
3634
3658
3675
3677
3691
3726
3751
3770
3799
3802
3807
3951
3966
3967
3972
3989
3994
3998
4006
4022
4026
4033
4080
4100
4102
4108
4148
4176
4187
4200
4313
4315
4329
4336
4345
4347
4373
4394
4396
4403
4448
4454
4544
4552
4554
4574
4578
4580
4590
4616
4678
4752
4755
4758
4759
4761
4763
4764
4772
4804
4827
4894
4898
4900
4905
4910
4915
4999
5017
5018
5033
5120
5124
5142
5144
5148
5149
5160
5202
5209
5238
5239
5274
5275
5276
5282
5323
5325
5346
5353
5378
5393
5430
5443
5444
5449
5454
5497
5499
5505
5554
5574
5606
5623
5685
5733
5741
5743
5747
5748
5750
5755
5756
5762
5775
5786
5787
5790
5798
5799
5801
5803
5806
5819
5820
5826
5835
5837
5839
5841
5843
5857
5858
5887
5957
5986
5987
5994
6006
6011
6016
6033
6064
6083
6103
6124
6208
6401
6413
6483
6508
6514
6516
6520
6522
6525
6526
6546
6633
6638
6643
6647
6653
6656
6679
6680
6683
6685
6711
6799
6817
6819
6837
6950
6956
6964
7005
7014
7037
7040
7055
7056
7064
7090
7173
7180
7184
7195
7214
7259
7279
7291
7303
7312
7317
7321
7325
7328
7330
7417
7468
7565
7613
7634
7642
7647
7656
7657
7683
7773
7870
7876
7890
7894
7905
7916
8056
8059
8086
8093
8098
8107
8136
8210
8223
8231
8282
8290
8317
8328
8343
8345
8351
8354
8359
8363
8366
8369
8382
8400
8441
8451
8461
8518
8527
8556
8561
8564
8616
8649
8650
8654
8656
8664
8671
8686
8689
8737
8774
8775
8776
8777
8778
8784
8785
8790
8791
8814
8828
8865
8912
8933
8936
8937
8947
9007
9054
9058
9068
9069
9071
9074
9237
9411
9415
9418
9422
9433
9544
9550
9552
9555
9556
9557
9563
9615
9642
9662
9665
9672
9679
9746
9748
9752
9757
9762
9766
9792
9804
9821
9832
9845
9847
9848
9855
9857
9861
9864
9943
9945
9948
9950
9972
9974
9984
9987
9992
10045
10056
10063
10071
10075
10196
10314
10351
10372
10389
10510
10531
10533
10541
10545
10549
10563
10583
10590
10593
10711
10786
10869
10972
10975
10979
10983
10988
10992
10996
11206
11228
11281
11306
11349
11357
11372
11399
11403
11408
11409
11535
11537
11541
11545
11550
11555
11559
11576
11577
11578
11608
11675
11746
11765
11767
11768
11774
11787
11789
11795
11802
11810
11815
11821
11826
11849
11850
11851
11853
11889
11893
11977
11978
12048
12053
12089
12107
12154
12286
12295
12297
12309
12374
12383
12405
12408
12415
12434
12440
12461
12471
12474
12475
12662
12663
12664
12665
12669
12670
12671
12679
12683
12687
12794
12799
12824
12831
12846
12849
12859
12864
12872
12917
12948
12953
12955
12968
12972
12997
12998
13003
13004
13030
13034
13042
13077
13104
13115
13125
13132
13159
13225
13243
13249
13257
13262
13279
13280
13286
13377
13384
13400
13424
13445
13446
13605
13623
13723
13741
13793
13804
13837
13869
13896
13898
13927
13929
13955
14009
14013
14022
14037
14040
14046
14088
14089
14090
14091
14093
14095
14097
14122
14127
14136
14140
14152
14156
14203
14211
14214
14222
14230
14255
14258
14264
14301
14314
14319
14338
14342
14346
14347
14365
14428
14434
14454
14458
14459
14465
14523
14587
14592
14607
14619
14645
14652
14731
14735
14736
14741
14748
14755
14773
14778
14794
14797
14819
14842
14887
14958
15005
15049
15056
15088
15097
15145
15272
15279
15292
15355
15393
15411
15419
15422
15430
15443
15446
15452
15603
15614
15719
15721
15765
15789
15790
15798
15799
15800
15801
15804
15813
15814
15825
15859
15866
15889
15912
15919
15949
16034
16042
16060
16068
16069
16099
16143
16145
16166
16266
16290
16299
16379
16412
16415
16418
16430
16433
16452
16453
16466
16483
16485
16499
16632
16636
16640
16644
16658
16661
16723
16752
16754
16805
16811
16813
16838
16845
16862
16872
16975
16986
17000
17022
17024
17037
17051
17060
17090
17094
17103
17134
17137
17142
17263
17296
17310
17329
17333
17337
17342
17345
17361
17368
17379
17390
17392
17475
17505
17515
17518
17532
17547
17566
17568
17575
17576
17582
17588
17615
17642
17654
17662
17894
17897
17905
17922
17925
17970
17985
17991
18103
18132
18136
18137
18235
18253
18259
18286
18296
18304
18306
18310
18312
18314
18317
18320
18321
18323
18328
18331
18337
18338
18340
18346
18470
18521
18524
18553
18616
18617
18618
18619
18620
18621
18622
18623
18624
18625
18626
18627
18628
18629
18631
18632
18659
18660
18662
18663
18664
18666
18668
18669
18671
18673
18678
18728
18780
18794
18857
18991
18999
19141
19149
19157
19158
19160
19164
19171
19174
19175
19178
19181
19182
19185
19188
19191
19203
19282
19300
19339
19341
19348
19381
19400
19414
19433
19488
19489
19491
19492
19493
19510
19615
19618
19621
19633
19650
19653
19691
19756
19784
19832
19836
19842
19858
19863
20069
20090
20103
20121
20150
20231
20236
20247
20251
20318
20321
20323
20326
20330
20332
20334
20336
20350
20366
20368
20394
20395
20585
20590
20592
20596
20600
20604
20608
20612
20634
20637
20661
20663
20664
20674
20679
20750
20756
20801
20806
20809
20810
20819
20821
20830
20833
20893
20898
20902
20905
20907
20910
20913
20917
20941
20960
20978
20982
20990
20998
21022
21028
21029
21031
21037
21054
21074
21083
21090
21147
21161
21166
21169
21173
21181
21214
21233
21249
21270
21285
21303
21305
21445
21593
21598
21601
21627
21665
21670
21708
21717
21757
21796
21818
21819
21820
21821
21822
21842
21847
21850
21861
21864
21866
21882
21892
21950
22037
22087
22139
22143
22147
22163
22211
22215
22224
22225
22229
22252
22360
22365
22378
22383
22391
22396
22406
22411
22412
22415
22427
22430
22434
22449
22451
22453
22456
22458
22464
22465
22467
22480
22503
22506
22507
22508
22512
22578
22599
22603
22613
22623
22624
22625
22629
22631
22634
22638
22639
22641
22644
22650
22674
22688
22753
22755
22756
22757
22762
22790
22837
22871
22874
22876
22877
22878
22879
22892
22893
22899
22904
22912
22933
22958
22962
23067
23139
23171
23191
23199
23212
23218
23234
23236
23247
23287
23292
23300
23302
23303
23312
23324
23378
23418
23439
23457
23485
23632
23644
23724
23728
23732
23736
23740
23745
23749
23754
23759
23763
23767
23772
23802
23892
24003
24128
24225
24227
24237
24241
24245
24249
24253
24259
24263
24267
24271
24275
24279
24283
24296
24359
24406
24407
24422
24486
24512
24526
24529
24555
24556
24565
24586
24601
24625
24651
24744
24757
24759
24772
24793
24810
24913
25026
25079
25083
25119
25154
25168
25169
25170
25171
25172
25173
25174
25175
25176
25177
25180
25181
25182
25183
25222
25224
25228
25294
25310
25321
25328
25369
25633
25745
25750
25754
25758
25764
25767
25771
25775
25779
25783
25787
25791
25795
25799
25803
25807
25811
25817
25821
25825
25834
25840
25886
25914
25918
25974
25975
25981
26002
26012
26020
26038
26066
26088
26095
26097
26102
26127
26154
26168
26192
26233
26234
26256
26265
26274
26277
26280
26282
26295
26326
26352
26534
26536
26572
26589
26599
26609
26613
26619
26647
26653
26654
26655
26656
26657
26658
26661
26662
26663
26665
26695
26707
26720
26724
26726
26727
26778
26784
26788
26792
26830
26955
27120
27123
27126
27130
27134
27138
27142
27146
27150
27154
27165
27178
27180
27199
27207
27208
27259
27261
27360
27364
27422
27429
27450
27460
27473
27480
27482
27487
27492
27495
27502
27503
27504
27506
27546
27548
27582
27596
27652
27659
27660
27678
27691
27787
27888
27910
27940
27985
27986
27987
28000
28073
28091
28107
28109
28111
28119
28124
28126
28132
28150
28156
28158
28165
28166
28167
28170
28171
28174
28176
28185
28193
28195
28196
28201
28208
28220
28226
28232
28233
28239
28243
28244
28252
28258
28259
28269
28282
28283
28285
28288
28290
28298
28304
28307
28320
28324
28328
28349
28355
28364
28385
28416
28444
28525
28534
28567
28625
28627
28628
28629
28634
28637
28639
28640
28641
28658
28668
28673
28679
28685
28701
28759
28773
28800
28825
28847
28862
28946
28955
28968
29017
29031
29037
29056
29061
29064
29068
29080
29082
29084
29092
29093
29094
29104
29142
29209
29210
29227
29230
29286
29287
29326
29328
29334
29337
29341
29345
29347
29354
29370
29373
29374
29375
29391
29397
29415
29440
29545
29572
29580
29600
29634
29698
29717
29719
29725
29733
29736
29746
29752
29823
29886
29888
29889
29906
29914
29922
29947
29968
29996
30007
30059
30089
30151
30152
30153
30154
30155
30156
30157
30158
30159
30160
30162
30163
30164
30165
30184
30187
30188
30194
30214
30248
30258
30271
30354
30376
30387
30438
30454
30493
30501
30505
30524
30570
30652
30655
30661
30698
30699
30700
30702
30703
30704
30708
30710
30711
30712
30713
30731
30734
30745
30747
30754
30756
30760
30762
30768
30770
30776
30778
30837
30935
30956
30963
30975
31006
31288
31290
31294
31298
31302
31306
31310
31314
31318
31364
31667
31668
31675
31682
31687
31689
31694
31699
31729
31736
31754
31943
32042
32129
32324
32326
32330
32334
32338
32342
32346
32350
32354
32358
32362
32366
32370
32374
32385
32390
32394
32398
32402
32406
32410
32413
32417
32421
32425
32433
32467
32475
32528
32557
32561
32563
32582
32675
32887
32961
32965
32967
32971
32975
32979
32983
32987
32991
32995
32999
33003
33007
33011
33015
33177
33180
33181
33183
33191
33192
33197
33844
33848
33852
33856
33865
33869
33873
33878
33882
33886
33890
33894
33898
33902
33906
33912
33916
33920
33925
33929
33934
33938
33942
33946
33950
33954
33958
33962
33966
33970
33974
33978
34078
34088
34089
34091
34096
34097
34098
34099
34308
34310
34314
34319
34323
34327
34331
34335
34339
34343
34394
34403
34416
34424
34427
34431
34440
34456
34507
34519
34523
34524
34556
34602
34606
34611
34647
34655
34658
34660
34662
34670
34671
34672
34699
34749
34770
34777
34792
34851
34860
34880
34891
34909
34916
34917
35027
35052
35120
35132
35145
35146
35153
35168
35192
35307
35312
35319
35377
35379
35388
35435
35436
35467
35489
35508
35515
35520
35521
35523
35525
35526
35533
35534
35537
35540
35542
35544
35546
35547
35548
35556
35561
35564
35566
35567
35568
35570
35575
35585
35590
35599
35602
35603
35604
35605
35606
35612
35613
35615
35617
35624
35629
35640
35651
35653
35667
35669
35671
35675
35680
35683
35684
35697
35702
35760
35764
35767
35794
35864
35908
35912
35923
35925
35942
35965
36049
36051
36066
36083
36088
36093
36125
36135
36155
36176
36180
36184
36189
36194
36219
36220
36222
36237
36265
36290
36302
36338
36466
36473
36481
36514
36737
36841
36845
36901
36902
36903
36909
36910
36913
36957
36971
37038
37040
37045
37049
37054
37058
37063
37067
37072
37076
37081
37085
37089
37094
37098
37102
37107
37111
37219
37298
37342
37346
37350
37361
37365
37369
37373
37377
37381
37408
37410
37411
37412
37415
37425
37511
37526
37527
37530
37559
37561
37562
37571
37615
37721
37728
37730
37787
37792
37795
37796
37805
38068
38070
38073
38076
38161
38166
38204
38206
38212
38226
38234
38262
38266
38270
38274
38278
38282
38286
38290
38294
38298
38302
38306
38310
38314
38318
38322
38326
38330
38334
38338
38342
38346
38350
38354
38358
38374
38378
38383
38387
38391
38395
38399
38403
38407
38411
38415
38419
38423
38427
38431
38435
38439
38443
38447
38451
38457
38461
38465
38469
38479
38497
38504
38505
38506
38523
38533
38568
38611
39006
39046
39049
39054
39059
39063
39067
39071
39075
39079
39083
39554
39558
39562
39567
39570
39573
39577
39581
39585
39589
39594
39598
39602
39606
39692
39748
39809
39815
39837
39845
39852
39862
39941
39943
39948
39978
39984
39989
40000
40015
40028
40101
40116
40120
40160
40168
40330
40367
40383
40390
40428
40430
40431
40464
40485
40495
40508
40572
40577
40581
40585
40591
40648
41120
41122
41126
41130
41135
41139
41143
41147
41152
41156
41160
41164
41168
41180
41181
41186
41261
41278
41279
41322
41330
41342
41343
41382
41391
41546
41606
41633
41671
41775
41778
41783
41787
41791
41795
41799
41803
41807
41812
41816
42123
42250
42306
42308
42312
42317
42322
42326
42330
42344
42346
42347
42350
42353
42364
42394
42413
42449
42451
42456
42485
42486
42490
42492
42498
42500
42501
42507
42570
42572
42574
42577
42588
42590
42596
42598
42599
42603
42620
42638
42663
42667
42671
42675
42679
42683
42687
42691
42695
42699
42703
42707
42711
42715
42719
42723
42727
42731
42735
42739
42743
42747
42751
42755
42759
42763
42767
42771
42775
42779
42783
42787
42791
42795
42803
42807
42811
42815
42819
42823
42827
42831
42835
42839
42843
42847
42851
42855
42859
42863
42867
42871
42875
42879
42883
42887
42891
42895
42899
42903
42907
42911
42915
42919
42923
42927
42931
42935
42939
42943
42947
42951
42955
42959
42963
42967
42971
42975
42979
42983
42987
42991
42995
42999
43003
43007
43011
43015
43019
43023
43027
43031
43035
43039
43043
43047
43051
43055
43059
43063
43067
43071
43075
43079
43083
43087
43091
43095
43099
43103
43107
43111
43115
43119
43123
43127
43131
43135
43139
43143
43147
43151
43155
43159
43163
43167
43171
43175
43179
43183
43187
43191
43195
43199
43203
43207
43211
43215
43219
43223
43229
43258
43272
43276
43279
43280
43294
43425
43465
43482
43519
43533
43539
43541
43548
43553
43557
43570
43575
43622
43625
43637
43947
44017
44019
44023
44027
44031
44035
44039
44043
44047
44051
44078
44092
44106
44140
44141
44144
44149
44154
44159
44164
44169
44174
44179
44180
44184
44185
44188
44192
44193
44197
44198
44201
44202
44205
44206
44209
44213
44217
44221
44226
44227
44234
44237
44241
44244
44247
44253
44255
44258
44259
44260
44388
44918
44919
44928
44933
44942
44976
44988
44992
44996
45000
45005
45009
45013
45017
45021
45027
45031
45035
45039
45043
45047
45056
45057
45059
45061
45073
45119
45147
45151
45155
45159
45162
45171
45175
45178
45182
45186
45190
45236
45305
45310
45315
45318
45319
45343
45346
45348
45349
45350
45360
45372
45376
45435
45439
45441
45444
45448
45449
45450
45451
45455
45459
45463
45464
45502
45519
45566
45578
45641
45655
45657
45662
45666
45675
45686
45725
45755
45781
45791
45794
45798
45804
45806
45809
45810
45811
45824
46000
46044
46126
46133
46137
46149
46152
46153
46154
46156
46183
46184
46187
46188
46189
46190
46194
46198
46202
46203
46208
46209
46210
46212
46213
46217
46220
46231
46237
46241
46247
46250
46262
46263
46264
46276
46280
46293
46299
46391
46503
46518
46521
46526
46530
46535
46539
46544
46554
46572
46573
46579
46597
46605
46619
46627
46629
46646
46674
46689
46722
46725
46726
46727
46730
46736
46738
46741
46744
46748
46757
46759
46762
46819
46820
46822
46829
46835
46872
46876
46935
46954
46968
47022
47030
47034
47037
47042
47096
47110
47113
47120
47121
47125
47126
47137
47141
47156
47172
47174
47245
47249
47250
47254
47256
47259
47260
47261
47262
47266
47267
47271
47274
47291
47292
47293
47304
47314
47342
47378
47381
47384
47388
47392
47394
47399
47401
47402
47404
47405
47407
47417
47423
47437
47439
47441
47458
47471
47473
47475
47478
47677
47686
47701
47734
47738
47743
47856
47866
47868
47896
47903
47914
47918
47920
48000
48020
48054
48061
48062
48146
48147
48150
48151
48153
48161
48163
48186
48197
48247
48249
48263
48284
48285
48290
48297
48301
48303
48309
48311
48338
48562
48567
48569
48571
48578
48582
48586
48592
48596
48605
48607
48608
48614
48669
48670
48674
48675
48678
48685
48686
48687
48690
48694
48697
48698
48701
48702
48708
48710
48711
48717
48721
48725
48732
48765
48766
48785
48871
48883
48912
48915
48917
48944
48975
48985
48987
48990
48999
49000
49002
49006
49008
49013
49020
49023
49043
49044
49053
49073
49086
49098
49101
49176
49236
49366
49400
49430
49490
49539
49569
49571
49593
49598
49600
49604
49608
49610
49611
49615
49620
49621
49626
49627
49629
49676
49684
49758
49760
49763
49765
49770
49778
49779
49803
49811
49836
49853
49885
49923
49962
50019
50021
50022
50023
50026
50036
50038
50044
50073
50146
50152
50156
50160
50162
50165
50170
50172
50174
50176
50178
50182
50341
50409
