35
275
374
510
571
580
615
654
676
683
690
719
729
763
829
850
853
875
878
885
916
947
992
1013
1027
1060
1138
1148
1172
1310
1320
1363
1390
1409
1440
1444
1463
1518
1528
1549
1564
1573
1614
1760
1765
1893
1997
2313
2347
2443
2582
2778
3027
3045
3105
3118
3123
3137
3138
3165
3171
3182
3203
3211
3218
3233
3248
3252
3282
3288
3290
3294
3303
3304
3308
3324
3329
3330
3336
3346
3355
3397
3406
3417
3424
3427
3428
3430
3467
3507
3508
3528
3531
3535
3539
3540
3547
3551
3553
3554
3559
3560
3573
3578
3583
3589
3590
3598
3601
3602
3623
3639
3645
3652
3670
3681
3690
3698
3720
3728
3748
3754
3759
3760
3770
3778
3784
3786
3791
3802
3803
3806
3808
3816
3820
3825
3838
3844
3845
3846
3847
3849
3876
3880
3882
3886
3897
3898
3907
3932
3941
3942
3943
3960
3962
3974
3977
3991
3994
4008
4015
4026
4030
4042
4043
4054
4066
4071
4105
4106
4124
4131
4135
4155
4157
4158
4186
4191
4192
4199
4206
4221
4228
4229
4232
4238
4246
4255
4265
4270
4276
4293
4300
4302
4304
4309
4316
4319
4321
4325
4359
4363
4364
4366
4370
4376
4378
4379
4393
4394
4399
4401
4404
4420
4424
4432
4433
4434
4437
4444
4445
4450
4455
4461
4480
4481
4482
4505
4519
4529
4532
4534
4540
4541
4543
4551
4552
4559
4561
4567
4576
4582
4585
4595
4597
4606
4607
4635
4636
4637
4645
4663
4675
4687
4692
4703
4704
4708
4714
4719
4720
4721
4725
4730
4731
4739
4741
4747
4755
4781
4782
4783
4788
4791
4801
4816
4836
4838
4846
4847
4848
4862
4885
4892
4899
4901
4913
4930
4937
4945
4958
4973
4976
4989
5003
5010
5027
5033
5039
5077
5086
5090
5101
5120
5127
5138
5145
5146
5166
5167
5175
5176
5185
5186
5191
5219
5221
5229
5230
5235
5241
5249
5253
5269
5275
5277
5307
5322
5345
5374
5376
5381
5394
5408
5417
5419
5457
5458
5489
5498
5501
5502
5506
5511
5525
5544
5582
5584
5596
5603
5607
5610
5611
5617
5620
5622
5634
5660
5661
5689
5697
5713
5724
5741
5743
5746
5758
5762
5764
5769
5773
5792
5794
5799
5817
5822
5828
5832
5838
5839
5844
5866
5892
5898
5901
5909
5910
5911
5915
5952
5978
5982
5983
6005
6010
6021
6028
6059
6070
6075
6077
6080
6099
6105
6107
6125
6137
6150
6178
6181
6190
6213
6216
6231
6245
6251
6267
6268
6283
6285
6289
6294
6297
6300
6310
6311
6342
6352
6356
6364
6366
6376
6379
6391
6411
6412
6428
6430
6445
6473
6502
6505
6511
6513
6523
6535
6542
6549
6550
6554
6562
6565
6571
6579
6587
6594
6609
6616
6617
6627
6643
6665
6678
6711
6726
6729
6737
6743
6754
6764
6765
6770
6782
6783
6792
6794
6798
6801
6805
6815
6821
6826
6842
6849
6879
6884
6887
6888
6913
6914
6919
6928
6934
6952
6965
6967
6987
6992
6994
6999
7030
7032
7039
7043
7053
7056
7059
7060
7072
7078
7092
7103
7112
7113
7124
7148
7159
7171
7214
7231
7249
7254
7255
7258
7272
7285
7290
7297
7300
7317
7319
7343
7351
7361
7363
7366
7370
7377
7390
7405
7407
7426
7427
7449
7452
7457
7461
7462
7466
7471
7480
7512
7515
7517
7559
7570
7576
7579
7591
7597
7607
7611
7618
7624
7631
7638
7642
7643
7655
7661
7666
7679
7683
7698
7711
7719
7726
7728
7730
7731
7751
7763
7766
7769
7786
7789
7795
7811
7813
7831
7835
7842
7895
7907
7915
7917
7920
7934
7941
7942
7968
7972
7976
7990
8006
8016
8026
8032
8033
8042
8051
8069
8090
8113
8121
8122
8140
8145
8147
8191
8192
8214
8216
8220
8243
8247
8248
8257
8259
8261
8297
8300
8302
8306
8308
8344
8351
8353
8368
8375
8381
8386
8390
8396
8401
8406
8417
8423
8435
8462
8471
8473
8475
8514
8532
8533
8536
8540
8555
8562
8581
8590
8592
8608
8625
8632
8637
8643
8655
8691
8692
8697
8700
8702
8716
8729
8738
8744
8746
8791
8801
8819
8820
8821
8824
8852
8857
8860
8865
8885
8886
8908
8915
8939
8946
8953
8969
8974
8985
8988
8990
8992
8993
9018
9022
9028
9043
9049
9057
9064
9072
9074
9084
9091
9093
9104
9105
9106
9108
9124
9131
9144
9160
9161
9168
9169
9177
9181
9184
9189
9215
9220
9231
9236
9240
9241
9242
9243
9246
9247
9269
9289
9291
9293
9318
9340
9341
9347
9354
9355
9357
9370
9422
9430
9431
9453
9464
9482
9493
9501
9508
9510
9514
9517
9519
9521
9522
9533
9548
9552
9554
9558
9568
9580
9608
9609
9617
9622
9628
9646
9652
9668
9674
9681
9682
9689
9699
9707
9737
9747
9752
9771
9773
9780
9784
9786
9789
9790
9791
9807
9815
9827
9830
9834
9843
9858
9876
9878
9879
9880
9885
9890
9897
9909
9914
9915
9927
9938
9952
9954
9965
9971
9972
9977
9981
10025
10040
10058
10062
10091
10102
10127
10152
10163
10165
10169
10179
10191
10199
10206
10217
10234
10253
10258
10266
10284
10294
10323
10325
10329
10330
10332
10338
10342
10345
10349
10356
10357
10401
10410
10433
10439
10440
10441
10443
10470
10476
10478
10480
10495
10501
10502
10503
10504
10505
10515
10532
10536
10538
10544
10547
10555
10559
10565
10587
10592
10594
10595
10596
10599
10604
10638
10655
10665
10676
10677
10690
10696
10697
10703
10733
10749
10751
10755
10758
10770
10782
10787
10802
10806
10831
10838
10864
10875
10877
10883
10884
10914
10919
10921
10926
10927
10928
10954
10968
10971
10972
10973
11001
11015
11026
11046
11048
11051
11052
11065
11070
11072
11075
11087
11092
11111
11124
11125
11130
11136
11137
11138
11159
11160
11168
11171
11173
11175
11177
11193
11203
11213
11219
11222
11226
11253
11258
11270
11272
11307
11311
11329
11336
11343
11346
11352
11354
11360
11365
11408
11415
11458
11459
11461
11475
11508
11522
11525
11534
11542
11546
11547
11558
11584
11596
11604
11615
11628
11629
11635
11650
11651
11668
11674
11676
11677
11683
11684
11698
11702
11730
11743
11759
11767
11771
11788
11790
11806
11826
11836
11855
11867
11870
11876
11888
11890
11891
11893
11910
11916
11917
11928
11932
11934
11939
11948
11949
11979
11989
11992
11993
12007
12010
12012
12014
12029
12046
12064
12071
12073
12074
12075
12076
12113
12147
12148
12149
12150
12154
12161
12162
12164
12170
12199
12200
12201
12203
12216
12230
12231
12232
12249
12252
12259
12260
12264
12267
12269
12270
12301
12303
12318
12319
12324
12328
12329
12353
12371
12381
12396
12434
12437
12439
12461
12621
12626
12661
12712
12716
12727
12735
12748
12750
12803
12838
12850
12878
12916
12935
13026
13071
